,c16,c8,c4,c2,c1,2/4,2/2,4/4,6/8,c12,c3,12/4,c6,9/8,12/8,c9,c10,9/4,3/4,c5,5/4,7/8,5/8,6/4,7/4,c14,c7
c16,0.0,0.0,0.0,0.0,0.0,0.42247283489375725,0.5984002533353978,0.5984002533353978,16.443057672920688,16.688555934928594,16.738726381615233,17.274858561808653,18.63718150838853,18.72146844128829,19.049624798505842,19.21418459441485,19.683490606496733,23.22380211919291,28.523596276963243,54.48531709073966,66.56973461566977,68.64074287239033,70.26494426391287,96.89999088107824,99.02146244570683,129.8700452223264,131.6973287778785
c8,0.0,0.0,0.0,0.0,0.0,0.42247283489375725,0.5984002533353978,0.5984002533353978,16.443057672920688,16.688555934928594,16.738726381615233,17.274858561808653,18.63718150838853,18.72146844128829,19.049624798505842,19.21418459441485,19.683490606496733,23.22380211919291,28.523596276963243,54.48531709073966,66.56973461566977,68.64074287239033,70.26494426391287,96.89999088107824,99.02146244570683,129.8700452223264,131.6973287778785
c4,0.0,0.0,0.0,0.0,0.0,0.42247283489375725,0.5984002533353978,0.5984002533353978,16.443057672920688,16.688555934928594,16.738726381615233,17.274858561808653,18.63718150838853,18.72146844128829,19.049624798505842,19.21418459441485,19.683490606496733,23.22380211919291,28.523596276963243,54.48531709073966,66.56973461566977,68.64074287239033,70.26494426391287,96.89999088107824,99.02146244570683,129.8700452223264,131.6973287778785
c2,0.0,0.0,0.0,0.0,0.0,0.42247283489375725,0.5984002533353978,0.5984002533353978,16.443057672920688,16.688555934928594,16.738726381615233,17.274858561808653,18.63718150838853,18.72146844128829,19.049624798505842,19.21418459441485,19.683490606496733,23.22380211919291,28.523596276963243,54.48531709073966,66.56973461566977,68.64074287239033,70.26494426391287,96.89999088107824,99.02146244570683,129.8700452223264,131.6973287778785
c1,0.0,0.0,0.0,0.0,0.0,0.42247283489375725,0.5984002533353978,0.5984002533353978,16.443057672920688,16.688555934928594,16.738726381615233,17.274858561808653,18.63718150838853,18.72146844128829,19.049624798505842,19.21418459441485,19.683490606496733,23.22380211919291,28.523596276963243,54.48531709073966,66.56973461566977,68.64074287239033,70.26494426391287,96.89999088107824,99.02146244570683,129.8700452223264,131.6973287778785
2/4,0.42247283489375725,0.42247283489375725,0.42247283489375725,0.42247283489375725,0.42247283489375725,0.0,0.6843871413472937,0.6843871413472937,16.427084826636968,16.69390255421013,16.71166713629612,17.279784262109146,18.617480552722668,18.71087920861897,19.060476964587757,19.21882860437837,19.688023916895983,23.226953296490688,28.523456686478596,54.46676678385076,66.57169606220324,68.65400061028147,70.24950251718998,96.91181123058229,99.01026284366174,129.85090897163386,131.67916948075487
2/2,0.5984002533353978,0.5984002533353978,0.5984002533353978,0.5984002533353978,0.5984002533353978,0.6843871413472937,0.0,0.0,16.353206557271825,16.589661368415243,16.713855198491018,17.298453082751973,18.578506662781944,18.71223031977708,18.973703499189217,19.219824339506154,19.70644226936862,23.073251396666382,28.432970106639296,54.45172174116656,66.541033086484,68.64601333328093,70.25375713547841,96.88655103907695,99.03911692077037,129.8338526635875,131.66440204047433
4/4,0.5984002533353978,0.5984002533353978,0.5984002533353978,0.5984002533353978,0.5984002533353978,0.6843871413472937,0.0,0.0,16.353206557271825,16.589661368415243,16.713855198491018,17.298453082751973,18.578506662781944,18.71223031977708,18.973703499189217,19.219824339506154,19.70644226936862,23.073251396666382,28.432970106639296,54.45172174116656,66.541033086484,68.64601333328093,70.25375713547841,96.88655103907695,99.03911692077037,129.8338526635875,131.66440204047433
6/8,16.443057672920688,16.443057672920688,16.443057672920688,16.443057672920688,16.443057672920688,16.427084826636968,16.353206557271825,16.353206557271825,0.0,5.8070384362021255,18.784284473758003,17.749168896501704,10.528083137635672,13.781546657620135,9.848711697143274,22.822836755632053,23.798733263906684,14.634067190198394,19.138310024481502,52.29337303077151,63.33983271086332,71.98160790976422,70.91986401896361,95.98675297980469,100.29627274830392,127.11292736388668,128.96337167692394
c12,16.688555934928594,16.688555934928594,16.688555934928594,16.688555934928594,16.688555934928594,16.69390255421013,16.589661368415243,16.589661368415243,5.8070384362021255,0.0,20.48020777421953,17.744975132146173,14.4253452291444,15.723565185614781,10.620486506175398,23.509526717077993,23.592604569938164,13.136584843896314,16.949559310352193,52.691049574154164,62.43108456975038,71.1445217750998,71.09453373116379,94.84167866343871,101.41844158035813,127.22480582726992,129.05817610328216
c3,16.738726381615233,16.738726381615233,16.738726381615233,16.738726381615233,16.738726381615233,16.71166713629612,16.713855198491018,16.713855198491018,18.784284473758003,20.48020777421953,0.0,22.610055528103516,20.42035224833365,20.887286071680467,22.05929410361088,16.738726381615237,25.594823541534836,25.53235502898003,29.270809188141307,54.95542690884444,66.08960573738835,63.19047764538673,73.7474672499092,105.70450520065631,91.7618155087537,133.61979380903236,135.46643838285217
12/4,17.274858561808653,17.274858561808653,17.274858561808653,17.274858561808653,17.274858561808653,17.279784262109146,17.298453082751973,17.298453082751973,17.749168896501704,17.744975132146173,22.610055528103516,0.0,21.433103355061352,23.97073776295571,19.65724461729065,25.119790541382994,24.908703127599704,23.16025617402624,27.24092276646472,55.37468293711148,66.46745684851636,71.40740173773544,71.75552553342835,95.59612015217786,100.7357551333643,129.3244238351238,131.17167398444784
c6,18.63718150838853,18.63718150838853,18.63718150838853,18.63718150838853,18.63718150838853,18.617480552722668,18.578506662781944,18.578506662781944,10.528083137635672,14.4253452291444,20.42035224833365,21.433103355061352,0.0,12.560415279763731,14.562565122421637,24.93059329106275,23.951424922399063,20.49928878953114,24.51779475602692,54.164009344063615,63.44915543766829,73.12317974576075,73.22662902051425,96.78010656620876,100.27450467276792,128.21391981817035,130.0592109762777
9/8,18.72146844128829,18.72146844128829,18.72146844128829,18.72146844128829,18.72146844128829,18.71087920861897,18.71223031977708,18.71223031977708,13.781546657620135,15.723565185614781,20.887286071680467,23.97073776295571,12.560415279763731,0.0,18.041858689039085,23.865673649796424,25.42217694766456,25.12976932804655,23.819892269157673,54.011227956771705,63.19952163891531,71.87584422485757,72.7396298522928,96.7674041621568,99.72744672757608,128.197469622676,130.0174814867393
12/8,19.049624798505842,19.049624798505842,19.049624798505842,19.049624798505842,19.049624798505842,19.060476964587757,18.973703499189217,18.973703499189217,9.848711697143274,10.620486506175398,22.05929410361088,19.65724461729065,14.562565122421637,18.041858689039085,0.0,26.362695515844347,25.001530067487213,17.384010904699835,21.51842978442242,54.88292915615122,64.63988519720724,71.84254119872848,73.33173786365381,96.20724587232432,101.06602503353285,129.2237750171512,130.87180735755567
c9,19.21418459441485,19.21418459441485,19.21418459441485,19.21418459441485,19.21418459441485,19.21882860437837,19.219824339506154,19.219824339506154,22.822836755632053,23.509526717077993,16.738726381615237,25.119790541382994,24.93059329106275,23.865673649796424,26.362695515844347,0.0,27.07737767273091,28.412406820796377,30.129349687436587,58.36884356327716,69.01516798750045,63.41323398394598,75.46113637331264,108.05730889895733,89.8133101519745,135.48971985367086,137.3399247639636
c10,19.683490606496733,19.683490606496733,19.683490606496733,19.683490606496733,19.683490606496733,19.688023916895983,19.70644226936862,19.70644226936862,23.798733263906684,23.592604569938164,25.594823541534836,24.908703127599704,23.951424922399063,25.42217694766456,25.001530067487213,27.07737767273091,0.0,30.089447849973215,32.50029463296947,55.480472894431436,64.37671812241096,70.15210494133433,70.0105569458125,98.41108045712828,100.62123700415826,130.7035491965936,132.53395838258263
9/4,23.22380211919291,23.22380211919291,23.22380211919291,23.22380211919291,23.22380211919291,23.226953296490688,23.073251396666382,23.073251396666382,14.634067190198394,13.136584843896314,25.53235502898003,23.16025617402624,20.49928878953114,25.12976932804655,17.384010904699835,28.412406820796377,30.089447849973215,0.0,20.59193140664261,54.539961438921736,64.84921498919671,73.24001522798375,72.89617995641822,96.07111056099109,103.28520803712327,127.54415582322517,129.38495043616075
3/4,28.523596276963243,28.523596276963243,28.523596276963243,28.523596276963243,28.523596276963243,28.523456686478596,28.432970106639296,28.432970106639296,19.138310024481502,16.949559310352193,29.270809188141307,27.24092276646472,24.51779475602692,23.819892269157673,21.51842978442242,30.129349687436587,32.50029463296947,20.59193140664261,0.0,48.43283082048803,52.95788154685906,75.90720737924106,68.12123674913505,93.7224930852163,105.34600276491938,121.64986512361479,123.38986230208067
c5,54.48531709073966,54.48531709073966,54.48531709073966,54.48531709073966,54.48531709073966,54.46676678385076,54.45172174116656,54.45172174116656,52.29337303077151,52.691049574154164,54.95542690884444,55.37468293711148,54.164009344063615,54.011227956771705,54.88292915615122,58.36884356327716,55.480472894431436,54.539961438921736,48.43283082048803,0.0,37.70541816951354,113.11990654684928,30.373474666824823,74.58292588956921,139.4207921100384,83.22661574552224,85.02986521428309
5/4,66.56973461566977,66.56973461566977,66.56973461566977,66.56973461566977,66.56973461566977,66.57169606220324,66.541033086484,66.541033086484,63.33983271086332,62.43108456975038,66.08960573738835,66.46745684851636,63.44915543766829,63.19952163891531,64.63988519720724,69.01516798750045,64.37671812241096,64.84921498919671,52.95788154685906,37.70541816951354,0.0,115.16689450201777,54.36141438006295,80.21937409290334,143.98772718516446,92.91740184970347,94.71815382906874
7/8,68.64074287239033,68.64074287239033,68.64074287239033,68.64074287239033,68.64074287239033,68.65400061028147,68.64601333328093,68.64601333328093,71.98160790976422,71.1445217750998,63.19047764538673,71.40740173773544,73.12317974576075,71.87584422485757,71.84254119872848,63.41323398394598,70.15210494133433,73.24001522798375,75.90720737924106,113.11990654684928,115.16689450201777,0.0,129.38364874301067,159.2832013384732,50.56370389610529,191.2241605525805,192.47621021795678
5/8,70.26494426391287,70.26494426391287,70.26494426391287,70.26494426391287,70.26494426391287,70.24950251718998,70.25375713547841,70.25375713547841,70.91986401896361,71.09453373116379,73.7474672499092,71.75552553342835,73.22662902051425,72.7396298522928,73.33173786365381,75.46113637331264,70.0105569458125,72.89617995641822,68.12123674913505,30.373474666824823,54.36141438006295,129.38364874301067,0.0,68.82063600238402,156.57800517921632,68.95441319010968,70.54820185044902
6/4,96.89999088107824,96.89999088107824,96.89999088107824,96.89999088107824,96.89999088107824,96.91181123058229,96.88655103907695,96.88655103907695,95.98675297980469,94.84167866343871,105.70450520065631,95.59612015217786,96.78010656620876,96.7674041621568,96.20724587232432,108.05730889895733,98.41108045712828,96.07111056099109,93.7224930852163,74.58292588956921,80.21937409290334,159.2832013384732,68.82063600238402,0.0,192.55707451717177,71.35823006965666,73.86739253602987
7/4,99.02146244570683,99.02146244570683,99.02146244570683,99.02146244570683,99.02146244570683,99.01026284366174,99.03911692077037,99.03911692077037,100.29627274830392,101.41844158035813,91.7618155087537,100.7357551333643,100.27450467276792,99.72744672757608,101.06602503353285,89.8133101519745,100.62123700415826,103.28520803712327,105.34600276491938,139.4207921100384,143.98772718516446,50.56370389610529,156.57800517921632,192.55707451717177,0.0,217.8848587354377,219.18810188623578
c14,129.8700452223264,129.8700452223264,129.8700452223264,129.8700452223264,129.8700452223264,129.85090897163386,129.8338526635875,129.8338526635875,127.11292736388668,127.22480582726992,133.61979380903236,129.3244238351238,128.21391981817035,128.197469622676,129.2237750171512,135.48971985367086,130.7035491965936,127.54415582322517,121.64986512361479,83.22661574552224,92.91740184970347,191.2241605525805,68.95441319010968,71.35823006965666,217.8848587354377,0.0,14.467877051847013
c7,131.6973287778785,131.6973287778785,131.6973287778785,131.6973287778785,131.6973287778785,131.67916948075487,131.66440204047433,131.66440204047433,128.96337167692394,129.05817610328216,135.46643838285217,131.17167398444784,130.0592109762777,130.0174814867393,130.87180735755567,137.3399247639636,132.53395838258263,129.38495043616075,123.38986230208067,85.02986521428309,94.71815382906874,192.47621021795678,70.54820185044902,73.86739253602987,219.18810188623578,14.467877051847013,0.0
