INDEX - DISTANCE - PATTERN - METER
0. - 0.040568265525  - [1,0,0,0,1,0,1,0,0,0,1,0,1,0,0,0]  - [4,4] 
1. - 0.041127906385  - [0,0,0,0,1,0,0,0,1,0,0,0,1,0,1,1]  - [2,2] 
2. - 0.041127906385  - [0,0,0,0,1,0,0,0,1,0,0,0,1,0,1,1]  - [4,4] 
3. - 0.044158073120  - [1,0,0,0,0,0,1,0,1,0,1,0,1,0,0,0]  - [4,4] 
4. - 0.044210136622  - [1,0,1,0,0,0,0,0,1,0,0,0,1,0,1,0]  - [2,2] 
5. - 0.044210136622  - [1,0,1,0,0,0,0,0,1,0,0,0,1,0,1,0]  - [4,4] 
6. - 0.045656296299  - [1,0,0,1,0,0,0,0,0,0,1,0,1,0,1,0]  - [2,2] 
7. - 0.045902083217  - [1,0,1,0,0,0,1,0,1,0,0,1,0,0,0,0]  - [4,4] 
8. - 0.047819394302  - [1,0,1,0,0,0,0,0,1,0,0,0,1,0,0,1]  - [2,2] 
9. - 0.053506765688  - [1,0,0,0,1,0,0,0,0,0,0,1,1,0,1,0]  - [2,2] 
10. - 0.057731926771  - [1,0,0,0,0,0,0,1,1,0,0,0,1,0,1,0]  - [4,4] 
11. - 0.057900452839  - [1,0,0,0,0,0,1,0,1,0,0,0,1,0,1,0]  - [2,2] 
12. - 0.058300900183  - [1,0,0,0,1,0,0,0,1,0,0,0,0,0,1,1]  - [4,4] 
13. - 0.059753672950  - [1,0,1,0,1,0,0,0,1,0,0,0,1,0,0,0]  - [2,2] 
14. - 0.059753672950  - [1,0,1,0,1,0,0,0,1,0,0,0,1,0,0,0]  - [4,4] 
15. - 0.059753672950  - [1,0,0,0,1,0,0,0,1,0,1,0,1,0,0,0]  - [2,2] 
16. - 0.059753672950  - [1,0,0,0,1,0,0,0,1,0,1,0,1,0,0,0]  - [4,4] 
17. - 0.059964906054  - [1,0,0,0,1,0,0,0,1,0,0,0,1,0,1,0]  - [2,2] 
18. - 0.059964906054  - [1,0,0,0,1,0,0,0,1,0,0,0,1,0,1,0]  - [4,4] 
19. - 0.060111146605  - [1,0,0,0,1,0,1,0,1,0,0,0,1,0,0,0]  - [4,4] 
20. - 0.063345995361  - [1,0,1,0,0,0,0,0,1,0,1,1,0,0,0,0]  - [2,2] 
21. - 0.063353818539  - [1,0,1,0,0,0,1,1,1,0,0,0,0,0,0,0]  - [4,4] 
22. - 0.063887511464  - [1,0,0,0,0,0,0,0,1,0,0,0,1,0,0,0,0,0,0,0,1,0,0,0,0,0,0,0,0,0,0,0,0,0,0,0,1,0,0,0,0,0,0,0,0,0,0,0]  - [12,4] 
23. - 0.064283263584  - [1,0,0,0,0,0,0,0,1,0,0,0,0,0,0,0,0,0,0,0,0,0,0,0,1,0,0,0,0,0,0,0,0,0,0,0,1,0,0,0,0,0,0,0,1,0,0,0]  - [12,4] 
24. - 0.064339484267  - [1,0,0,0,0,0,0,0,0,0,0,0,1,0,0,0,0,0,0,0,1,0,0,0,1,0,0,0,0,0,0,0,1,0,0,0,0,0,0,0,0,0,0,0,0,0,0,0]  - [12,4] 
25. - 0.065785033859  - [1,0,0,0,0,0,0,0,1,0,0,0,1,0,0,0,0,0,0,0,0,0,0,0,1,0,0,0,0,0,0,0,0,0,0,0,0,0,0,0,0,0,0,0,1,0,0,0]  - [12,4] 
26. - 0.066380903989  - [1,0,0,0,1,0,0,0,0,0,0,0,0,0,0,0,0,0,0,0,0,0,0,0,1,0,0,0,0,0,0,0,0,0,0,0,1,0,0,0,0,0,0,0,1,0,0,0]  - [12,4] 
27. - 0.066565996165  - [1,0,0,0,1,0,0,0,1,0,0,0,1,0,0,1]  - [4,4] 
28. - 0.066690707709  - [1,0,0,0,0,0,0,0,1,0,1,0,1,0,1,0]  - [2,2] 
29. - 0.066745648836  - [1,0,0,0,1,0,0,0,1,0,0,1,1,0,0,0]  - [4,4] 
30. - 0.066780380709  - [1,0,0,0,1,0,0,1,1,0,0,0,1,0,0,0]  - [2,2] 
31. - 0.066780380709  - [1,0,0,0,1,0,0,1,1,0,0,0,1,0,0,0]  - [4,4] 
32. - 0.067128205045  - [1,0,0,0,1,0,0,0,1,0,0,0,1,1,0,0]  - [2,2] 
33. - 0.067429788695  - [1,0,1,0,1,0,1,1]  - [2,4] 
34. - 0.067593969357  - [1,0,1,1,1,0,1,0]  - [2,4] 
35. - 0.067755286512  - [1,1,1,0,1,0,1,0]  - [2,4] 
36. - 0.067755286512  - [1,0,1,0,1,1,1,0]  - [2,4] 
37. - 0.069384713488  - [1,0,0,0,0,0,0,0,1,0,0,0,1,0,0,0,0,0,0,0,0,0,0,0,1,0,0,0,0,0,0,0,0,0,0,0,1,0,0,0,0,0,0,0,0,0,0,0]  - [12,4] 
38. - 0.069482761578  - [1,0,0,0,0,0,0,0,0,0,0,0,1,0,0,0,1,0,0,0,0,0,0,0,1,0,0,0,0,0,0,0,0,0,0,0,1,0,0,0,0,0,0,0,0,0,0,0]  - [12,4] 
39. - 0.069482761578  - [1,0,0,0,0,0,0,0,0,0,0,0,1,0,0,0,0,0,0,0,1,0,0,0,1,0,0,0,0,0,0,0,0,0,0,0,1,0,0,0,0,0,0,0,0,0,0,0]  - [12,4] 
40. - 0.069509938541  - [1,0,0,0,0,0,0,0,0,0,0,0,1,0,0,0,0,0,0,0,0,0,0,0,1,0,0,0,0,0,0,0,0,0,1,0,1,0,0,0,0,0,0,0,0,0,0,0]  - [12,4] 
41. - 0.069520871052  - [1,0,0,0,0,0,0,0,0,0,0,0,1,0,0,0,0,0,0,0,0,0,0,0,1,0,0,0,0,0,0,0,1,0,0,0,1,0,0,0,0,0,0,0,0,0,0,0]  - [12,4] 
42. - 0.069562557188  - [1,0,0,0,0,0,0,0,0,0,0,0,1,0,0,0,0,0,0,0,0,0,0,0,1,0,0,0,0,0,0,0,0,0,0,0,1,0,0,0,0,0,0,0,1,0,0,0]  - [12,4] 
43. - 0.069987333737  - [1,0,0,0,0,0,1,0,0,0,0,0,1,0,0,0,0,0,1,0,0,0,1,0]  - [12,8] 
44. - 0.070029829408  - [1,0,0,0,0,0,1,0,0,0,0,0,1,0,1,0,0,0,1,0,0,0,0,0]  - [12,8] 
45. - 0.070029829408  - [1,0,0,0,1,0,1,0,0,0,0,0,1,0,0,0,0,0,1,0,0,0,0,0]  - [12,8] 
46. - 0.070079052370  - [1,0,0,0,0,0,1,0,0,0,0,0,1,0,0,0,0,0,1,0,1,0,0,0]  - [12,8] 
47. - 0.070226069844  - [1,0,0,0,0,0,1,0,0,0,0,0,1,0,0,0,1,0,1,0,0,0,0,0]  - [6,4] 
48. - 0.070226069844  - [1,0,0,0,0,0,1,0,0,0,0,0,1,0,0,0,1,0,1,0,0,0,0,0]  - [12,8] 
49. - 0.070226637487  - [1,0,0,0,0,0,1,0,0,0,0,1,1,0,0,0,0,0,1,0,0,0,0,0]  - [12,8] 
50. - 0.070578248661  - [1,0,0,0,0,0,0,0,0,0,0,0,0,0,0,0,0,0,0,0,0,0,0,0,1,0,0,0,0,0,0,0,0,0,0,0,1,0,0,0,1,0,0,0,1,0,0,0]  - [12,4] 
51. - 0.070842193104  - [1,0,0,0,0,0,0,1,1,0,0,0,1,0,0,1]  - [2,2] 
52. - 0.072244753605  - [1,1,0,0,1,0,1,1]  - [2,4] 
53. - 0.072279192070  - [1,1,1,0,1,0,0,1]  - [2,4] 
54. - 0.072701042933  - [1,0,0,0,1,0,0,0,0,0,0,0,1,0,1,1]  - [2,2] 
55. - 0.072740374133  - [1,0,0,1,1,1,1,0]  - [2,4] 
56. - 0.073045459258  - [1,0,1,1,1,1,0,0]  - [2,4] 
57. - 0.073084667638  - [1,0,1,1,0,0,1,1]  - [2,4] 
58. - 0.073168433329  - [1,0,0,1,1,0,1,1]  - [2,4] 
59. - 0.073308983580  - [1,0,1,1,1,0,0,1]  - [2,4] 
60. - 0.073609705337  - [0,0,1,1,1,0,1,1]  - [2,4] 
61. - 0.074136375299  - [1,0,0,0,0,0,0,0,0,0,0,0,1,0,0,0,1,0,1,0,0,0,1,0]  - [12,8] 
62. - 0.074279169813  - [1,0,0,0,0,0,0,0,1,0,0,0,1,0,1,0,0,0,0,0,1,0,0,0]  - [6,4] 
63. - 0.074406379660  - [1,0,1,1,0,1,1,0]  - [2,4] 
64. - 0.074552631522  - [1,0,0,0,0,0,1,0,0,0,1,0,1,0,0,0,1,0,0,0,0,0,0,0]  - [12,8] 
65. - 0.074555187622  - [1,0,0,0,1,0,0,0,0,0,0,0,1,0,0,0,1,0,1,0,0,0,0,0]  - [12,8] 
66. - 0.074560371776  - [0,0,0,0,0,0,1,0,0,0,1,0,1,0,0,0,0,0,1,0,0,0,1,0]  - [12,8] 
67. - 0.074586837225  - [1,0,0,0,0,0,0,0,1,0,0,0,0,0,0,0,1,0,0,0,0,0,0,0,1,0,0,0,0,0,0,0,0,0,0,0,1,0,0,0,0,0,0,0,0,0,0,0]  - [12,4] 
68. - 0.074718993201  - [1,0,0,0,1,1,1,1]  - [2,4] 
69. - 0.075213714097  - [1,0,0,0,0,0,0,0,1,0,0,0,1,0,0,0,1,0,0,0,0,0,0,0,1,0,0,0,0,0,0,0,0,0,0,0,0,0,0,0,0,0,0,0,0,0,0,0]  - [12,4] 
70. - 0.075311011787  - [1,1,1,1,1,0,0,0]  - [2,4] 
71. - 0.075476104565  - [1,0,1,0,1,0,1,0,1,0]  - [5,8] 
72. - 0.075550052815  - [1,0,1,1,0,0,1,0,1,0,0,0]  - [3,4] 
73. - 0.075587823222  - [1,0,0,1,1,0,1,0,0,0,1,0]  - [3,4] 
74. - 0.075838587246  - [1,0,0,0,0,0,0,0,0,0,0,0,1,0,0,0,1,0,1,0,0,0,0,1]  - [12,8] 
75. - 0.076800238234  - [1,0,0,0,0,0,0,0,0,0,1,0,1,0,1,0,0,0,1,0,0,0,0,0]  - [12,8] 
76. - 0.077327948164  - [1,0,0,0,0,0,1,0,0,0,0,0,1,0,1,0,1,0,0,0,0,0,0,0]  - [12,8] 
77. - 0.077763384223  - [1,0,0,0,0,0,0,0,1,0,0,0,1,0,0,0,0,0,1,0,0,0,1,0]  - [12,8] 
78. - 0.077870367652  - [1,0,0,0,1,0,0,0,0,0,1,0,1,0,0,0,1,0]  - [9,8] 
79. - 0.077911866042  - [1,0,0,0,1,0,1,0,0,0,1,0,1,0,0,0,0,0]  - [9,8] 
80. - 0.078415452298  - [1,0,0,0,0,0,1,0,0,0,1,0,1,0,0,0,1,0]  - [9,8] 
81. - 0.078816724742  - [1,0,0,0,0,0,1,0,1,0,0,0,1,0,0,0,1,0,0,0,0,0,0,0]  - [6,4] 
82. - 0.078876405031  - [1,0,0,0,1,0,0,1,0,0,1,1]  - [3,4] 
83. - 0.078962549120  - [1,0,0,0,1,0,1,0,0,0,0,0,1,0,0,0,0,0,0,0,1,0,0,0]  - [6,4] 
84. - 0.079625872010  - [1,0,0,0,0,0,1,0,0,0,0,1,1,0,1,0,0,0]  - [9,8] 
85. - 0.080011305263  - [1,0,0,0,1,1,1,0,0,0,1,0]  - [6,8] 
86. - 0.080348868465  - [1,0,1,0,0,0,1,0,1,1]  - [5,8] 
87. - 0.080459493959  - [1,0,1,0,0,1,1,0,1,0]  - [5,8] 
88. - 0.080908827509  - [1,0,0,0,1,1,0,0,0,0,1,1]  - [6,8] 
89. - 0.080931042732  - [1,0,0,1,1,0,1,0,1,0]  - [5,8] 
90. - 0.081053185586  - [1,0,0,0,1,0,0,0,1,0,0,0,1,0,0,0,0,0,0,0,0,0,0,0,0,0,0,0,0,0,0,0,0,0,0,0,0,0,0,0,0,0,0,0,1,0,0,0]  - [12,4] 
91. - 0.081145808809  - [1,0,1,1,1,0,1,0,0,0]  - [5,8] 
92. - 0.081145808809  - [0,0,1,0,1,1,1,0,1,0]  - [5,8] 
93. - 0.081162025094  - [1,1,1,0,1,0,0,0,1,0]  - [5,8] 
94. - 0.081334064532  - [1,0,0,0,1,0,1,0,1,1]  - [5,8] 
95. - 0.081409979092  - [1,0,1,0,1,0,0,0,0,1,1,0]  - [6,8] 
96. - 0.081409979092  - [1,1,0,0,0,0,1,0,1,0,1,0]  - [6,8] 
97. - 0.081615099818  - [1,0,0,0,0,0,1,0,1,0,1,1]  - [3,4] 
98. - 0.081617957227  - [1,0,0,0,0,1,1,0,1,0,1,0]  - [3,4] 
99. - 0.081626174762  - [1,0,0,0,0,1,1,0,0,0,0,0,1,0,0,0,1,0]  - [9,8] 
100. - 0.081640267827  - [1,0,1,0,1,0,0,0,1,1]  - [5,8] 
101. - 0.081680576921  - [1,0,0,0,1,0,0,1,1,0,1,0]  - [3,4] 
102. - 0.081697583812  - [1,0,1,0,1,0,1,0,0,0,0,1]  - [6,8] 
103. - 0.081791379037  - [1,0,0,0,1,0,0,0,1,1,1,0]  - [3,4] 
104. - 0.081813125528  - [1,0,0,0,1,0,0,0,1,0,1,1]  - [3,4] 
105. - 0.081838685186  - [1,0,0,0,0,1,1,1,0,0,1,0]  - [6,8] 
106. - 0.081851957801  - [1,1,0,0,1,0,1,0,0,0,0,1]  - [6,8] 
107. - 0.081874949424  - [1,0,1,0,0,0,1,0,0,0,1,0,1,0,0,0,0,0]  - [9,8] 
108. - 0.081891197715  - [0,0,1,0,1,0,1,1,0,0,1,0]  - [6,8] 
109. - 0.081909097334  - [1,1,0,0,1,0,1,0,1,0,0,0]  - [6,8] 
110. - 0.081912642927  - [1,0,0,0,1,1,1,0,1,0,0,0]  - [6,8] 
111. - 0.081978708070  - [1,0,0,0,0,0,1,0,1,1,1,0]  - [3,4] 
112. - 0.082021660796  - [1,0,0,0,1,0,1,0,1,0,0,1]  - [3,4] 
113. - 0.082021660796  - [1,0,0,0,1,0,1,0,1,0,0,1]  - [6,8] 
114. - 0.082144832816  - [1,0,0,0,0,0,0,0,1,0,0,0,1,0,0,0,0,0,0,1,1,0,0,0]  - [6,4] 
115. - 0.082144882338  - [1,0,0,0,0,0,1,1,0,0,1,1]  - [6,8] 
116. - 0.082232800317  - [1,0,0,0,1,0,1,1,0,0,0,1]  - [3,4] 
117. - 0.082273530024  - [1,0,0,0,0,0,1,0,0,0,1,0,1,0,1,0,0,0]  - [9,8] 
118. - 0.082698616239  - [1,0,1,0,1,0,0,0,1,0,1,0]  - [3,4] 
119. - 0.082698616239  - [1,0,1,0,0,0,1,0,1,0,1,0]  - [6,8] 
120. - 0.082762306585  - [1,0,1,0,0,0,1,0,0,0,0,0,1,0,0,0,1,0]  - [9,8] 
121. - 0.082823520349  - [0,1,0,0,1,0,1,0,0,0,1,0,1,0,0,0,0,0]  - [9,8] 
122. - 0.082876729444  - [1,0,0,0,1,0,1,0,1,0,1,0]  - [3,4] 
123. - 0.082876729444  - [1,0,1,0,1,0,1,0,0,0,1,0]  - [3,4] 
124. - 0.082876729444  - [1,0,0,0,1,0,1,0,1,0,1,0]  - [6,8] 
125. - 0.082876729444  - [1,0,1,0,1,0,1,0,0,0,1,0]  - [6,8] 
126. - 0.082974759251  - [1,0,0,0,0,0,1,0,1,0,1,0,1,0,0,0,0,0]  - [9,8] 
127. - 0.083079209220  - [0,0,0,0,0,0,1,0,0,0,1,0,1,1,0,0,1,0]  - [9,8] 
128. - 0.083369986323  - [1,0,0,0,1,0,0,0,0,0,0,1,1,0,0,0,0,0,0,0,0,0,0,1]  - [12,8] 
129. - 0.083470137672  - [1,0,0,0,0,0,0,0,0,0,0,0,1,0,0,0,1,0,0,0,1,0,1,0]  - [6,4] 
130. - 0.083486379332  - [1,0,1,0,0,0,0,0,0,0,0,0,1,0,0,0,1,0,0,0,1,0,0,0]  - [6,4] 
131. - 0.083998283918  - [1,0,0,0,0,0,0,0,1,0,1,0,1,0,0,0,1,0,0,0,0,0,0,0]  - [6,4] 
132. - 0.084456092701  - [1,0,0,0,0,0,0,0,1,0,0,0,1,0,0,0,0,0,0,0,1,0,1,0]  - [6,4] 
133. - 0.084591963049  - [1,0,0,0,0,0,0,0,1,0,0,1,0,0,0,0,1,0,0,0,0,0,1,0]  - [6,4] 
134. - 0.084702811831  - [1,0,0,0,1,0,1,0,1,0,1,0,0,0,0,0,0,0,0,0,0,0,0,0]  - [6,4] 
135. - 0.085090394892  - [1,1,0,1,1,0,0,0,1,0,0,0]  - [3,4] 
136. - 0.085490376025  - [1,0,0,0,0,0,0,0,0,0,1,0,1,0,0,0,0,0,0,0,1,0,1,0]  - [6,4] 
137. - 0.085703486243  - [1,0,1,0,1,0,1,0,0,0,1,0,0,0]  - [7,8] 
138. - 0.085703486243  - [1,0,0,0,1,0,1,0,1,0,1,0,0,0]  - [7,8] 
139. - 0.086031980149  - [0,0,0,0,1,0,1,0,1,0,1,0,1,0]  - [7,8] 
140. - 0.086399182821  - [1,0,0,0,0,0,0,0,1,0,0,0,1,0,0,0,1,0,0,0,1,0,0,0]  - [6,4] 
141. - 0.086400119073  - [1,0,1,0,1,0,0,0,1,0,1,0,0,0]  - [7,8] 
142. - 0.086464517305  - [1,0,0,0,1,0,0,0,1,0,1,0,1,0]  - [7,8] 
143. - 0.086464517305  - [1,0,1,0,1,0,0,0,1,0,0,0,1,0]  - [7,8] 
144. - 0.086468462127  - [1,0,0,0,1,1,0,0,0,0,0,0,1,0,0,0,1,0]  - [9,8] 
145. - 0.086682457635  - [1,0,0,0,1,0,0,0,0,0,0,0,1,0,0,0,1,0,0,0,1,0,0,0]  - [6,4] 
146. - 0.086809845011  - [1,0,0,0,1,0,0,0,1,0,0,0,1,0,0,0,1,0,0,0,0,0,0,0]  - [6,4] 
147. - 0.087711616923  - [1,0,0,1,0,0,1,0,1,1]  - [5,8] 
148. - 0.087989207714  - [1,1,0,0,1,0,0,1,1,0]  - [5,8] 
149. - 0.088538853195  - [1,0,0,1,1,1,1,0,0,0]  - [5,8] 
150. - 0.088575502992  - [1,0,0,0,1,0,0,0,0,0,1,0,1,0,1,0,0,0]  - [9,8] 
151. - 0.088839726905  - [1,0,0,0,1,0,0,0,0,0,0,0,1,0,0,0,1,0,0,0,0,0,0,0,0,0,0,0,1,0,0,0,0,0,0,0]  - [9,4] 
152. - 0.088839726905  - [1,0,0,0,0,0,0,0,0,0,0,0,1,0,0,0,1,0,0,0,0,0,0,0,1,0,0,0,1,0,0,0,0,0,0,0]  - [9,4] 
153. - 0.088846979808  - [1,0,0,0,0,0,0,0,1,0,0,0,0,0,0,0,0,0,0,0,1,0,0,0,1,0,0,0,0,0,0,0,1,0,0,0]  - [9,4] 
154. - 0.089012038978  - [1,0,0,1,1,0,0,0,1,1]  - [5,8] 
155. - 0.089112938727  - [1,0,1,0,0,0,0,0,0,0,1,0,1,0,1,0,0,0]  - [9,8] 
156. - 0.089419393056  - [0,0,0,0,0,0,1,0,0,0,1,0,1,0,1,0,1,0]  - [9,8] 
157. - 0.089441250610  - [1,0,0,0,0,0,1,1,1,1]  - [5,8] 
158. - 0.089883295157  - [1,0,0,1,1,1,0,0,1,0]  - [5,8] 
159. - 0.090783424053  - [1,0,0,0,0,0,0,0,1,0,0,0,0,0,0,0,0,0,1,0,0,0,0,0,1,0,0,0,0,0,0,0,1,0,0,0]  - [9,4] 
160. - 0.091683499761  - [1,0,0,0,1,0,1,0,0,0,1,0,0,1]  - [7,8] 
161. - 0.091744961172  - [0,0,0,0,1,0,1,0,0,0,1,0,1,1]  - [7,8] 
162. - 0.092104690404  - [1,1,0,0,0,0,1,0,1,0,1,0,0,0]  - [7,8] 
163. - 0.092228975412  - [1,0,0,0,0,0,0,0,0,0,0,0,1,0,0,0,0,0,0,0,1,0,0,0,1,0,0,0,1,0,0,0,0,0,0,0]  - [9,4] 
164. - 0.092276556868  - [1,0,0,1,1,0,1,0,0,0,1,0,0,0]  - [7,8] 
165. - 0.092379753435  - [1,0,0,0,0,0,0,0,0,0,0,0,1,0,0,0,0,0,0,0,0,0,0,0,1,0,0,0,0,0,0,0,1,0,1,0]  - [9,4] 
166. - 0.092832687284  - [1,0,0,0,1,0,0,0,1,0,0,0,1,0,0,0,0,0,0,0,0,0,0,0,1,0,0,0,0,0,0,0,0,0,0,0]  - [9,4] 
167. - 0.093006796662  - [1,0,0,0,0,0,0,0,1,0,1,0,1,1]  - [7,8] 
168. - 0.093039065340  - [1,0,0,0,0,0,0,0,0,0,0,0,1,0,0,0,0,0,0,0,0,0,0,0,1,0,0,0,1,0,0,0,1,0,0,0]  - [9,4] 
169. - 0.093272033427  - [1,0,0,0,1,0,0,0,0,0,0,0,1,0,0,0,0,0,0,0,1,0,0,0,1,0,0,0,0,0,0,0,0,0,0,0]  - [9,4] 
170. - 0.093280611017  - [1,0,1,0,0,0,1,1,1,0,0,0,0,0]  - [7,8] 
171. - 0.093368309098  - [1,0,0,0,0,0,1,1,1,0,0,0,1,0]  - [7,8] 
172. - 0.093477475350  - [1,0,0,0,1,0,0,1,1,0,0,0,1,0]  - [7,8] 
173. - 0.093618191325  - [1,0,0,1,1,0,0,0,1,0,0,0,1,0]  - [7,8] 
174. - 0.094566130886  - [0,0,0,0,0,0,0,0,1,0,0,0,1,0,0,0,0,0,0,0,0,0,0,0,1,0,0,1,0,0,0,0,1,0,0,0]  - [9,4] 
175. - 0.095038509932  - [1,0,0,0,1,0,0,0,1,0,0,0,1,0,0,0,1,0,0,0]  - [5,4] 
176. - 0.095173825247  - [1,0,0,0,0,0,1,0,1,0,0,0,1,0,0,0,1,0,0,0]  - [5,4] 
177. - 0.095490882809  - [1,0,0,0,1,0,1,0,1,0,0,0,0,0,0,0,1,0,0,0]  - [5,4] 
178. - 0.096717236487  - [1,0,0,0,1,0,0,0,1,0,0,0,0,0,0,0,1,0,1,0]  - [5,4] 
179. - 0.096776933720  - [0,0,0,0,1,0,1,0,1,0,0,0,1,0,0,0,1,0,0,0]  - [5,4] 
180. - 0.097364743810  - [1,0,0,0,0,0,0,0,1,0,0,0,1,0,1,0,1,0,0,0]  - [5,4] 
181. - 0.098089444588  - [1,0,0,0,0,0,1,0,0,0,0,0,1,0,0,0,1,0,1,0]  - [5,4] 
182. - 0.099513794589  - [0,0,0,0,0,0,0,0,0,0,0,0,1,0,0,0,1,0,0,0,1,0,0,0,1,0,0,0,0,0,0,0,1,0,0,0]  - [9,4] 
183. - 0.099513794589  - [1,0,0,0,0,0,0,0,1,0,0,0,1,0,0,0,1,0,0,0,1,0,0,0,0,0,0,0,0,0,0,0,0,0,0,0]  - [9,4] 
184. - 0.099638848604  - [1,0,0,1,0,0,0,0,1,0,0,0,1,0,0,0,1,0,0,0]  - [5,4] 
185. - 0.099977865654  - [1,0,0,0,0,0,1,0,1,0,0,0,1,0,0,0,0,0,1,0]  - [5,4] 
186. - 0.100194613417  - [1,0,0,0,1,0,0,0,0,0,0,0,1,0,0,0,0,0,0,0,0,0,0,0,0,0,0,0,1,0,0,0,1,0,0,0]  - [9,4] 
187. - 0.100362851634  - [1,0,0,0,0,0,0,0,1,0,0,0,1,0,0,0,0,0,0,0,1,0,0,0,0,0,0,0,1,0,0,0,0,0,0,0]  - [9,4] 
188. - 0.100385643506  - [0,0,0,0,0,0,1,0,1,0,0,0,1,0,1,0,1,0,0,0]  - [5,4] 
189. - 0.100899707577  - [1,0,0,0,0,0,0,0,1,0,0,0,1,0,0,0,0,0,0,0,0,0,0,0,0,0,0,0,1,0,0,0,1,0,0,0]  - [9,4] 
190. - 0.101047045088  - [1,0,0,0,0,0,0,0,1,0,1,0,0,0,0,0,1,0,1,0]  - [5,4] 
191. - 0.101647821680  - [1,0,0,0,1,0,0,0,1,0,0,0,1,0,0,0,0,0,0,1]  - [5,4] 
192. - 0.102612481643  - [1,0,0,0,0,0,0,0,0,0,1,0,1,0,0,1,1,0,0,0]  - [5,4] 
193. - 0.103302317958  - [1,0,0,0,1,0,0,0,0,0,0,1,0,0,0,0,1,0,1,0]  - [5,4] 
194. - 0.103500633052  - [1,0,1,0,1,0,0,1,1,0,0,0,0,0,0,0,0,0,0,0]  - [5,4] 
195. - 0.109737012545  - [1,0,0,0,1,0,0,0,1,0,0,0,0,0,0,0,1,0,0,0,1,0,0,0,0,0,0,0]  - [7,4] 
196. - 0.109737012545  - [1,0,0,0,1,0,0,0,0,0,0,0,1,0,0,0,1,0,0,0,1,0,0,0,0,0,0,0]  - [7,4] 
197. - 0.112361859395  - [1,0,0,0,0,0,0,0,0,0,0,0,1,0,0,0,1,0,0,0,1,0,0,0,1,0,0,0]  - [7,4] 
198. - 0.112941944125  - [1,0,0,0,0,0,0,0,1,0,0,0,0,0,1,0,0,0,0,0,1,0,0,0,1,0,0,0]  - [7,4] 
199. - 0.113168956949  - [0,0,0,0,1,0,1,0,1,0,0,0,1,0,0,0,0,0,0,0,0,0,0,0,1,0,0,0]  - [7,4] 
200. - 0.113186537419  - [1,0,0,0,0,0,0,0,1,0,0,0,1,0,0,0,1,0,0,0,0,0,1,0,0,0,0,0]  - [7,4] 
201. - 0.113356498231  - [0,0,0,0,1,0,0,0,1,0,0,0,1,0,0,0,1,0,0,0,0,0,0,0,1,0,0,0]  - [7,4] 
202. - 0.113406308842  - [1,0,0,0,1,0,0,0,0,0,0,0,1,0,0,0,0,0,0,0,1,0,0,0,1,0,0,0]  - [7,4] 
203. - 0.113465063621  - [0,0,0,0,1,0,0,0,1,0,0,0,0,0,1,0,1,0,0,0,0,0,0,0,1,0,0,0]  - [7,4] 
204. - 0.113986881611  - [1,0,0,0,0,0,1,0,1,0,0,0,0,0,0,0,1,0,0,0,1,0,0,0,0,0,0,0]  - [7,4] 
205. - 0.114525025365  - [1,0,0,0,0,0,1,0,1,0,0,0,0,0,0,0,1,0,0,0,0,0,0,0,1,0,0,0]  - [7,4] 
206. - 0.115326520655  - [0,0,0,0,0,0,1,0,1,0,0,0,0,0,0,0,1,0,0,0,1,0,0,0,1,0,0,0]  - [7,4] 
207. - 0.115668447376  - [1,0,0,0,0,0,0,0,1,0,0,0,0,0,0,0,1,0,0,0,0,0,0,0,1,0,1,0]  - [7,4] 
208. - 0.115842893256  - [0,0,0,0,0,0,1,0,1,0,0,0,1,0,0,0,1,0,0,0,1,0,0,0,0,0,0,0]  - [7,4] 
209. - 0.118643774191  - [1,0,0,0,1,0,0,0,0,0,0,0,1,0,1,0,0,0,0,0,0,0,1,0,0,0,0,0]  - [7,4] 
