INDEX - DISTANCE - PATTERN - METER
0. - 0.033510211371 - [0,0,0,0,1,0,0,0,1,0,0,0,1,0,1,1] - [2,2] 
1. - 0.033510211371 - [0,0,0,0,1,0,0,0,1,0,0,0,1,0,1,1] - [4,4] 
2. - 0.037420328157 - [1,0,1,0,0,0,1,0,1,0,0,1,0,0,0,0] - [4,4] 
3. - 0.037441741505 - [1,0,0,0,1,0,1,0,0,0,1,0,1,0,0,0] - [4,4] 
4. - 0.037582898600 - [1,0,0,1,0,0,0,0,0,0,1,0,1,0,1,0] - [2,2] 
5. - 0.039563736105 - [1,0,1,0,0,0,0,0,1,0,0,0,1,0,0,1] - [2,2] 
6. - 0.040304891441 - [1,0,0,0,0,0,1,0,1,0,1,0,1,0,0,0] - [4,4] 
7. - 0.040304891441 - [1,0,1,0,0,0,0,0,1,0,0,0,1,0,1,0] - [2,2] 
8. - 0.040304891441 - [1,0,1,0,0,0,0,0,1,0,0,0,1,0,1,0] - [4,4] 
9. - 0.043911476311 - [1,0,0,0,1,0,0,0,0,0,0,1,1,0,1,0] - [2,2] 
10. - 0.047124161183 - [1,0,0,0,0,0,0,1,1,0,0,0,1,0,1,0] - [4,4] 
11. - 0.047428300797 - [1,0,0,0,1,0,0,0,1,0,0,0,0,0,1,1] - [4,4] 
12. - 0.050425773993 - [1,0,0,0,0,0,1,0,1,0,0,0,1,0,1,0] - [2,2] 
13. - 0.051868113217 - [1,0,1,0,1,0,0,0,1,0,0,0,1,0,0,0] - [2,2] 
14. - 0.051868113217 - [1,0,0,0,1,0,0,0,1,0,1,0,1,0,0,0] - [2,2] 
15. - 0.051868113217 - [1,0,0,0,1,0,0,0,1,0,1,0,1,0,0,0] - [4,4] 
16. - 0.051868113217 - [1,0,1,0,1,0,0,0,1,0,0,0,1,0,0,0] - [4,4] 
17. - 0.051868113217 - [1,0,0,0,1,0,0,0,1,0,0,0,1,0,1,0] - [2,2] 
18. - 0.051868113217 - [1,0,0,0,1,0,0,0,1,0,0,0,1,0,1,0] - [4,4] 
19. - 0.051868113217 - [1,0,1,0,0,0,0,0,1,0,1,1,0,0,0,0] - [2,2] 
20. - 0.051868113217 - [1,0,0,0,1,0,1,0,1,0,0,0,1,0,0,0] - [4,4] 
21. - 0.051868705114 - [1,0,1,0,0,0,1,1,1,0,0,0,0,0,0,0] - [4,4] 
22. - 0.054445667052 - [1,0,0,0,1,0,0,0,1,0,0,0,1,0,0,1] - [4,4] 
23. - 0.054445667052 - [1,0,0,0,1,0,0,0,1,0,0,1,1,0,0,0] - [4,4] 
24. - 0.054445667052 - [1,0,0,0,1,0,0,1,1,0,0,0,1,0,0,0] - [2,2] 
25. - 0.054445667052 - [1,0,0,0,1,0,0,1,1,0,0,0,1,0,0,0] - [4,4] 
26. - 0.054445667052 - [1,0,0,0,1,0,0,0,1,0,0,0,1,1,0,0] - [2,2] 
27. - 0.055901699437 - [1,1,1,0,1,0,1,0] - [2,4] 
28. - 0.055901699437 - [1,0,1,0,1,1,1,0] - [2,4] 
29. - 0.055901699437 - [1,0,1,0,1,0,1,1] - [2,4] 
30. - 0.055901699437 - [1,0,1,1,1,0,1,0] - [2,4] 
31. - 0.057578652022 - [1,0,0,0,0,0,0,0,1,0,1,0,1,0,1,0] - [2,2] 
32. - 0.060219162952 - [1,0,0,0,1,0,0,0,0,0,0,0,1,0,1,1] - [2,2] 
33. - 0.060549189854 - [1,0,0,0,0,0,0,1,1,0,0,0,1,0,0,1] - [2,2] 
34. - 0.062589681620 - [1,1,1,0,1,0,0,1] - [2,4] 
35. - 0.062589681620 - [1,0,0,1,1,1,1,0] - [2,4] 
36. - 0.062589681620 - [1,1,0,0,1,0,1,1] - [2,4] 
37. - 0.062589681620 - [1,0,1,1,1,1,0,0] - [2,4] 
38. - 0.063156383344 - [1,0,1,1,0,0,1,1] - [2,4] 
39. - 0.063156383344 - [0,0,1,1,1,0,1,1] - [2,4] 
40. - 0.063156383344 - [1,0,0,1,1,0,1,1] - [2,4] 
41. - 0.063156383344 - [1,0,1,1,1,0,0,1] - [2,4] 
42. - 0.064156967849 - [1,0,1,1,0,1,1,0] - [2,4] 
43. - 0.064156967849 - [1,0,0,0,1,1,1,1] - [2,4] 
44. - 0.064156967849 - [1,1,1,1,1,0,0,0] - [2,4] 
45. - 0.064578619234 - [1,0,1,0,1,0,1,0,1,0] - [5,8] 
46. - 0.068023528213 - [1,0,0,0,1,0,1,0,1,0,1,0] - [3,4] 
47. - 0.068023528213 - [1,0,1,0,1,0,1,0,0,0,1,0] - [3,4] 
48. - 0.068023528213 - [1,0,0,0,1,0,1,0,1,0,1,0] - [6,8] 
49. - 0.068023528213 - [1,0,1,0,1,0,1,0,0,0,1,0] - [6,8] 
50. - 0.068369036491 - [1,0,1,0,0,0,1,0,1,1] - [5,8] 
51. - 0.068424751651 - [1,0,1,0,0,1,1,0,1,0] - [5,8] 
52. - 0.068440727326 - [1,0,1,0,1,0,0,0,1,0,1,0] - [3,4] 
53. - 0.068440727326 - [1,0,1,0,0,0,1,0,1,0,1,0] - [6,8] 
54. - 0.068667606440 - [1,0,0,0,1,0,1,0,1,1] - [5,8] 
55. - 0.068674242222 - [1,0,0,1,1,0,1,0,1,0] - [5,8] 
56. - 0.068674242222 - [1,1,1,0,1,0,0,0,1,0] - [5,8] 
57. - 0.068688698160 - [1,0,1,1,1,0,1,0,0,0] - [5,8] 
58. - 0.068688698160 - [0,0,1,0,1,1,1,0,1,0] - [5,8] 
59. - 0.068824730868 - [1,0,1,0,1,0,0,0,1,1] - [5,8] 
60. - 0.069687936980 - [1,0,0,0,1,0,0,0,1,0,1,1] - [3,4] 
61. - 0.069794723486 - [1,0,0,0,1,0,0,1,1,0,1,0] - [3,4] 
62. - 0.069882214232 - [1,1,0,0,1,0,1,0,1,0,0,0] - [6,8] 
63. - 0.069904813624 - [1,0,0,0,1,0,1,0,1,0,0,1] - [3,4] 
64. - 0.069904813624 - [1,0,0,0,1,0,1,0,1,0,0,1] - [6,8] 
65. - 0.069911739153 - [1,0,0,0,1,0,0,0,1,1,1,0] - [3,4] 
66. - 0.069962728763 - [0,0,1,0,1,0,1,1,0,0,1,0] - [6,8] 
67. - 0.070290133530 - [1,0,0,0,1,1,1,0,1,0,0,0] - [6,8] 
68. - 0.072139628383 - [1,0,0,1,1,0,1,0,0,0,1,0] - [3,4] 
69. - 0.072439688877 - [1,0,1,0,1,0,0,0,0,1,1,0] - [6,8] 
70. - 0.072439688877 - [1,1,0,0,0,0,1,0,1,0,1,0] - [6,8] 
71. - 0.072530239858 - [1,0,0,0,1,1,1,0,0,0,1,0] - [6,8] 
72. - 0.072580005118 - [1,0,1,0,1,0,1,0,0,0,0,1] - [6,8] 
73. - 0.072600962664 - [1,0,0,0,0,0,1,0,1,1,1,0] - [3,4] 
74. - 0.072600962664 - [1,0,1,1,0,0,1,0,1,0,0,0] - [3,4] 
75. - 0.072738901779 - [1,0,0,0,0,1,1,0,1,0,1,0] - [3,4] 
76. - 0.072738901779 - [1,0,0,0,0,0,1,0,1,0,1,1] - [3,4] 
77. - 0.075484780593 - [1,0,0,0,1,0,1,0,1,0,1,0,0,0] - [7,8] 
78. - 0.075484780593 - [1,0,1,0,1,0,1,0,0,0,1,0,0,0] - [7,8] 
79. - 0.075691258852 - [0,0,0,0,1,0,1,0,1,0,1,0,1,0] - [7,8] 
80. - 0.075959504214 - [1,0,1,0,1,0,0,0,1,0,1,0,0,0] - [7,8] 
81. - 0.075959504214 - [1,0,0,0,1,0,0,0,1,0,1,0,1,0] - [7,8] 
82. - 0.075959504214 - [1,0,1,0,1,0,0,0,1,0,0,0,1,0] - [7,8] 
83. - 0.076793018094 - [1,0,0,1,0,0,1,0,1,1] - [5,8] 
84. - 0.076806942410 - [1,1,0,0,1,0,0,1,1,0] - [5,8] 
85. - 0.076850859845 - [1,1,0,1,1,0,0,0,1,0,0,0] - [3,4] 
86. - 0.077008955649 - [1,0,0,1,1,0,0,0,1,1] - [5,8] 
87. - 0.077049657703 - [1,0,0,1,1,1,1,0,0,0] - [5,8] 
88. - 0.077214997712 - [1,0,0,0,0,0,1,1,1,1] - [5,8] 
89. - 0.077547478174 - [1,0,0,1,1,1,0,0,1,0] - [5,8] 
90. - 0.077772663779 - [1,0,0,0,1,0,0,1,0,0,1,1] - [3,4] 
91. - 0.077921259366 - [1,0,0,0,1,0,1,1,0,0,0,1] - [3,4] 
92. - 0.078003391885 - [1,0,0,0,0,0,1,1,0,0,1,1] - [6,8] 
93. - 0.079040686841 - [1,0,0,0,1,0,1,0,0,0,1,0,0,1] - [7,8] 
94. - 0.079387328017 - [1,1,0,0,0,0,1,0,1,0,1,0,0,0] - [7,8] 
95. - 0.079405106301 - [0,0,0,0,1,0,1,0,0,0,1,0,1,1] - [7,8] 
96. - 0.079407746417 - [1,0,0,1,1,0,1,0,0,0,1,0,0,0] - [7,8] 
97. - 0.079740217981 - [1,0,0,0,0,0,0,0,1,0,1,0,1,1] - [7,8] 
98. - 0.079792506321 - [1,0,1,0,0,0,1,1,1,0,0,0,0,0] - [7,8] 
99. - 0.079816979857 - [1,0,0,0,0,0,1,1,1,0,0,0,1,0] - [7,8] 
100. - 0.079967782765 - [1,0,0,1,1,0,0,0,1,0,0,0,1,0] - [7,8] 
101. - 0.079967782765 - [1,0,0,0,1,0,0,1,1,0,0,0,1,0] - [7,8] 
102. - 0.080432832879 - [1,1,0,0,1,0,1,0,0,0,0,1] - [6,8] 
103. - 0.080468877522 - [1,0,0,0,0,1,1,1,0,0,1,0] - [6,8] 
104. - 0.080500331765 - [1,0,0,0,1,1,0,0,0,0,1,1] - [6,8] 
105. - 0.081440849988 - [1,0,0,0,1,0,0,0,1,0,0,0,1,0,0,0,1,0,0,0] - [5,4] 
106. - 0.084430324319 - [1,0,1,0,0,0,1,0,0,0,0,0,1,0,0,0,1,0] - [9,8] 
107. - 0.084558699498 - [1,0,0,0,0,0,1,0,1,0,0,0,1,0,0,0,1,0,0,0] - [5,4] 
108. - 0.084602467445 - [1,0,0,0,0,0,1,0,0,0,1,0,1,0,0,0,1,0] - [9,8] 
109. - 0.084611332997 - [1,0,0,0,1,0,1,0,1,0,0,0,0,0,0,0,1,0,0,0] - [5,4] 
110. - 0.084768356673 - [1,0,0,0,1,0,0,0,0,0,1,0,1,0,0,0,1,0] - [9,8] 
111. - 0.085010060271 - [1,0,0,0,1,0,0,0,1,0,0,0,0,0,0,0,1,0,1,0] - [5,4] 
112. - 0.085010060271 - [1,0,0,0,0,0,0,0,1,0,0,0,1,0,1,0,1,0,0,0] - [5,4] 
113. - 0.085068517687 - [1,0,0,0,0,0,1,0,0,0,1,0,1,0,1,0,0,0] - [9,8] 
114. - 0.085068517687 - [1,0,0,0,1,0,0,0,0,0,1,0,1,0,1,0,0,0] - [9,8] 
115. - 0.085068517687 - [1,0,0,0,0,0,1,0,1,0,1,0,1,0,0,0,0,0] - [9,8] 
116. - 0.085068517687 - [0,0,0,0,0,0,1,0,0,0,1,0,1,0,1,0,1,0] - [9,8] 
117. - 0.085191619581 - [0,0,0,0,1,0,1,0,1,0,0,0,1,0,0,0,1,0,0,0] - [5,4] 
118. - 0.085304077946 - [1,0,1,0,0,0,1,0,0,0,1,0,1,0,0,0,0,0] - [9,8] 
119. - 0.085304077946 - [1,0,1,0,0,0,0,0,0,0,1,0,1,0,1,0,0,0] - [9,8] 
120. - 0.085304077946 - [1,0,0,0,1,0,1,0,0,0,1,0,1,0,0,0,0,0] - [9,8] 
121. - 0.085441010506 - [1,0,0,0,0,0,1,0,1,0,0,0,1,0,0,0,1,0,0,0,0,0,0,0] - [6,4] 
122. - 0.085503019181 - [1,0,0,0,0,0,0,0,1,0,1,0,1,0,0,0,1,0,0,0,0,0,0,0] - [6,4] 
123. - 0.085503019181 - [1,0,0,0,1,0,1,0,0,0,0,0,1,0,0,0,0,0,0,0,1,0,0,0] - [6,4] 
124. - 0.086039956500 - [1,0,0,0,1,0,0,0,0,0,0,0,1,0,0,0,1,0,0,0,1,0,0,0] - [6,4] 
125. - 0.086151441118 - [1,0,0,1,0,0,0,0,1,0,0,0,1,0,0,0,1,0,0,0] - [5,4] 
126. - 0.086785030614 - [1,0,0,0,1,0,0,0,1,0,0,0,1,0,0,0,0,0,0,1] - [5,4] 
127. - 0.086826400738 - [1,0,0,0,1,0,0,0,1,0,0,0,1,0,0,0,1,0,0,0,0,0,0,0] - [6,4] 
128. - 0.086826400738 - [1,0,0,0,0,0,0,0,1,0,0,0,1,0,0,0,1,0,0,0,1,0,0,0] - [6,4] 
129. - 0.087154187775 - [1,0,0,0,0,0,0,0,1,0,0,1,0,0,0,0,1,0,0,0,0,0,1,0] - [6,4] 
130. - 0.087834651724 - [1,0,0,0,0,0,1,0,0,0,0,0,1,0,0,0,1,0,1,0] - [5,4] 
131. - 0.088072179769 - [1,0,0,0,0,1,1,0,0,0,0,0,1,0,0,0,1,0] - [9,8] 
132. - 0.088351996923 - [1,0,0,0,0,0,1,0,1,0,0,0,1,0,0,0,0,0,1,0] - [5,4] 
133. - 0.088393239944 - [1,0,0,0,1,1,0,0,0,0,0,0,1,0,0,0,1,0] - [9,8] 
134. - 0.088416476207 - [1,0,0,0,0,0,0,0,1,0,1,0,0,0,0,0,1,0,1,0] - [5,4] 
135. - 0.088516447742 - [0,1,0,0,1,0,1,0,0,0,1,0,1,0,0,0,0,0] - [9,8] 
136. - 0.088539992351 - [0,0,0,0,0,0,1,0,0,0,1,0,1,1,0,0,1,0] - [9,8] 
137. - 0.088609877256 - [0,0,0,0,0,0,1,0,1,0,0,0,1,0,1,0,1,0,0,0] - [5,4] 
138. - 0.088771231988 - [1,0,0,0,0,0,1,0,0,0,0,0,1,0,1,0,1,0,0,0,0,0,0,0] - [12,8] 
139. - 0.088983623361 - [1,0,0,0,0,0,1,0,0,0,0,1,1,0,1,0,0,0] - [9,8] 
140. - 0.089299604005 - [1,0,0,0,0,0,0,0,0,0,1,0,1,0,0,1,1,0,0,0] - [5,4] 
141. - 0.089486113095 - [1,0,0,0,1,0,0,0,0,0,0,1,0,0,0,0,1,0,1,0] - [5,4] 
142. - 0.089491554638 - [1,0,0,0,0,0,0,0,0,0,0,0,1,0,0,0,1,0,0,0,1,0,1,0] - [6,4] 
143. - 0.089491554638 - [0,0,0,0,0,0,1,0,0,0,1,0,1,0,0,0,0,0,1,0,0,0,1,0] - [12,8] 
144. - 0.089756940215 - [1,0,1,0,1,0,0,1,1,0,0,0,0,0,0,0,0,0,0,0] - [5,4] 
145. - 0.089828005271 - [1,0,0,0,1,0,0,0,0,0,0,0,1,0,0,0,1,0,1,0,0,0,0,0] - [12,8] 
146. - 0.089828005271 - [1,0,1,0,0,0,0,0,0,0,0,0,1,0,0,0,1,0,0,0,1,0,0,0] - [6,4] 
147. - 0.090353881296 - [1,0,0,0,0,0,0,0,1,0,0,0,1,0,1,0,0,0,0,0,1,0,0,0] - [6,4] 
148. - 0.090353881296 - [1,0,0,0,0,0,0,0,1,0,0,0,1,0,0,0,0,0,0,0,1,0,1,0] - [6,4] 
149. - 0.091635656920 - [1,0,0,0,0,0,0,0,0,0,0,0,1,0,0,0,1,0,1,0,0,0,0,1] - [12,8] 
150. - 0.091857788767 - [1,0,0,0,0,0,0,0,1,0,0,0,1,0,0,0,0,0,0,1,1,0,0,0] - [6,4] 
151. - 0.092654149261 - [1,0,0,0,0,0,1,0,0,0,0,0,1,0,0,0,0,0,1,0,0,0,1,0] - [12,8] 
152. - 0.092654149261 - [1,0,0,0,0,0,1,0,0,0,1,0,1,0,0,0,1,0,0,0,0,0,0,0] - [12,8] 
153. - 0.092677924399 - [1,0,0,0,0,0,1,0,0,0,0,0,1,0,0,0,1,0,1,0,0,0,0,0] - [6,4] 
154. - 0.092677924399 - [1,0,0,0,0,0,1,0,0,0,0,0,1,0,0,0,1,0,1,0,0,0,0,0] - [12,8] 
155. - 0.092677924399 - [1,0,0,0,0,0,0,0,0,0,0,0,1,0,0,0,1,0,1,0,0,0,1,0] - [12,8] 
156. - 0.093261507398 - [1,0,0,0,0,0,0,0,1,0,0,0,1,0,0,0,0,0,1,0,0,0,1,0] - [12,8] 
157. - 0.093261507398 - [1,0,0,0,0,0,0,0,0,0,1,0,1,0,0,0,0,0,0,0,1,0,1,0] - [6,4] 
158. - 0.093318319611 - [1,0,0,0,0,0,1,0,0,0,0,0,1,0,1,0,0,0,1,0,0,0,0,0] - [12,8] 
159. - 0.093318319611 - [1,0,0,0,1,0,1,0,0,0,0,0,1,0,0,0,0,0,1,0,0,0,0,0] - [12,8] 
160. - 0.093318319611 - [1,0,0,0,1,0,1,0,1,0,1,0,0,0,0,0,0,0,0,0,0,0,0,0] - [6,4] 
161. - 0.093318319611 - [1,0,0,0,0,0,1,0,0,0,0,0,1,0,0,0,0,0,1,0,1,0,0,0] - [12,8] 
162. - 0.093748727272 - [1,0,0,0,0,0,0,0,0,0,1,0,1,0,1,0,0,0,1,0,0,0,0,0] - [12,8] 
163. - 0.096293345206 - [1,0,0,0,0,0,1,0,0,0,0,1,1,0,0,0,0,0,1,0,0,0,0,0] - [12,8] 
164. - 0.097238564305 - [1,0,0,0,1,0,0,0,1,0,0,0,0,0,0,0,1,0,0,0,1,0,0,0,0,0,0,0] - [7,4] 
165. - 0.097238564305 - [1,0,0,0,1,0,0,0,0,0,0,0,1,0,0,0,1,0,0,0,1,0,0,0,0,0,0,0] - [7,4] 
166. - 0.098385181977 - [1,0,0,0,0,0,0,0,0,0,0,0,1,0,0,0,1,0,0,0,1,0,0,0,1,0,0,0] - [7,4] 
167. - 0.098385181977 - [0,0,0,0,1,0,0,0,1,0,0,0,1,0,0,0,1,0,0,0,0,0,0,0,1,0,0,0] - [7,4] 
168. - 0.098385181977 - [1,0,0,0,1,0,0,0,0,0,0,0,1,0,0,0,0,0,0,0,1,0,0,0,1,0,0,0] - [7,4] 
169. - 0.098805054025 - [1,0,0,0,1,0,0,0,0,0,0,1,1,0,0,0,0,0,0,0,0,0,0,1] - [12,8] 
170. - 0.100738815793 - [0,0,0,0,1,0,1,0,1,0,0,0,1,0,0,0,0,0,0,0,0,0,0,0,1,0,0,0] - [7,4] 
171. - 0.100768605144 - [0,0,0,0,1,0,0,0,1,0,0,0,0,0,1,0,1,0,0,0,0,0,0,0,1,0,0,0] - [7,4] 
172. - 0.100768605144 - [1,0,0,0,0,0,0,0,1,0,0,0,0,0,1,0,0,0,0,0,1,0,0,0,1,0,0,0] - [7,4] 
173. - 0.100768605144 - [1,0,0,0,0,0,0,0,1,0,0,0,1,0,0,0,1,0,0,0,0,0,1,0,0,0,0,0] - [7,4] 
174. - 0.100855346469 - [1,0,0,0,0,0,1,0,1,0,0,0,0,0,0,0,1,0,0,0,1,0,0,0,0,0,0,0] - [7,4] 
175. - 0.101511792579 - [0,0,0,0,0,0,1,0,1,0,0,0,1,0,0,0,1,0,0,0,1,0,0,0,0,0,0,0] - [7,4] 
176. - 0.101511792579 - [1,0,0,0,0,0,1,0,1,0,0,0,0,0,0,0,1,0,0,0,0,0,0,0,1,0,0,0] - [7,4] 
177. - 0.101511792579 - [1,0,0,0,0,0,0,0,1,0,0,0,0,0,0,0,1,0,0,0,0,0,0,0,1,0,1,0] - [7,4] 
178. - 0.101511792579 - [0,0,0,0,0,0,1,0,1,0,0,0,0,0,0,0,1,0,0,0,1,0,0,0,1,0,0,0] - [7,4] 
179. - 0.104544937862 - [1,0,0,0,1,0,0,0,0,0,0,0,1,0,1,0,0,0,0,0,0,0,1,0,0,0,0,0] - [7,4] 
180. - 0.111866020305 - [1,0,0,0,0,0,0,0,0,0,0,0,1,0,0,0,0,0,0,0,0,0,0,0,1,0,0,0,1,0,0,0,1,0,0,0] - [9,4] 
181. - 0.111866020305 - [1,0,0,0,0,0,0,0,1,0,0,0,1,0,0,0,0,0,0,0,0,0,0,0,0,0,0,0,1,0,0,0,1,0,0,0] - [9,4] 
182. - 0.111866020305 - [1,0,0,0,1,0,0,0,0,0,0,0,1,0,0,0,0,0,0,0,0,0,0,0,0,0,0,0,1,0,0,0,1,0,0,0] - [9,4] 
183. - 0.111866020305 - [1,0,0,0,1,0,0,0,0,0,0,0,1,0,0,0,1,0,0,0,0,0,0,0,0,0,0,0,1,0,0,0,0,0,0,0] - [9,4] 
184. - 0.111866020305 - [1,0,0,0,0,0,0,0,0,0,0,0,1,0,0,0,1,0,0,0,0,0,0,0,1,0,0,0,1,0,0,0,0,0,0,0] - [9,4] 
185. - 0.113147688755 - [0,0,0,0,0,0,0,0,0,0,0,0,1,0,0,0,1,0,0,0,1,0,0,0,1,0,0,0,0,0,0,0,1,0,0,0] - [9,4] 
186. - 0.113147688755 - [1,0,0,0,0,0,0,0,1,0,0,0,1,0,0,0,1,0,0,0,1,0,0,0,0,0,0,0,0,0,0,0,0,0,0,0] - [9,4] 
187. - 0.113147688755 - [1,0,0,0,1,0,0,0,0,0,0,0,1,0,0,0,0,0,0,0,1,0,0,0,1,0,0,0,0,0,0,0,0,0,0,0] - [9,4] 
188. - 0.113147688755 - [1,0,0,0,0,0,0,0,0,0,0,0,1,0,0,0,0,0,0,0,1,0,0,0,1,0,0,0,1,0,0,0,0,0,0,0] - [9,4] 
189. - 0.113147688755 - [1,0,0,0,0,0,0,0,1,0,0,0,1,0,0,0,0,0,0,0,1,0,0,0,0,0,0,0,1,0,0,0,0,0,0,0] - [9,4] 
190. - 0.113147688755 - [1,0,0,0,1,0,0,0,1,0,0,0,1,0,0,0,0,0,0,0,0,0,0,0,1,0,0,0,0,0,0,0,0,0,0,0] - [9,4] 
191. - 0.113147688755 - [1,0,0,0,0,0,0,0,1,0,0,0,0,0,0,0,0,0,0,0,1,0,0,0,1,0,0,0,0,0,0,0,1,0,0,0] - [9,4] 
192. - 0.113843561108 - [1,0,0,0,0,0,0,0,1,0,0,0,1,0,0,0,0,0,0,0,0,0,0,0,1,0,0,0,0,0,0,0,0,0,0,0,0,0,0,0,0,0,0,0,1,0,0,0] - [12,4] 
193. - 0.115137314419 - [1,0,0,0,0,0,0,0,0,0,0,0,1,0,0,0,0,0,0,0,0,0,0,0,1,0,0,0,0,0,0,0,1,0,1,0] - [9,4] 
194. - 0.115876656280 - [1,0,0,0,0,0,0,0,1,0,0,0,0,0,0,0,0,0,1,0,0,0,0,0,1,0,0,0,0,0,0,0,1,0,0,0] - [9,4] 
195. - 0.116562124342 - [0,0,0,0,0,0,0,0,1,0,0,0,1,0,0,0,0,0,0,0,0,0,0,0,1,0,0,1,0,0,0,0,1,0,0,0] - [9,4] 
196. - 0.120686789537 - [1,0,0,0,0,0,0,0,1,0,0,0,0,0,0,0,1,0,0,0,0,0,0,0,1,0,0,0,0,0,0,0,0,0,0,0,1,0,0,0,0,0,0,0,0,0,0,0] - [12,4] 
197. - 0.120686789537 - [1,0,0,0,0,0,0,0,1,0,0,0,1,0,0,0,1,0,0,0,0,0,0,0,1,0,0,0,0,0,0,0,0,0,0,0,0,0,0,0,0,0,0,0,0,0,0,0] - [12,4] 
198. - 0.125758900952 - [1,0,0,0,0,0,0,0,1,0,0,0,0,0,0,0,0,0,0,0,0,0,0,0,1,0,0,0,0,0,0,0,0,0,0,0,1,0,0,0,0,0,0,0,1,0,0,0] - [12,4] 
199. - 0.125758900952 - [1,0,0,0,0,0,0,0,0,0,0,0,1,0,0,0,0,0,0,0,0,0,0,0,1,0,0,0,0,0,0,0,1,0,0,0,1,0,0,0,0,0,0,0,0,0,0,0] - [12,4] 
200. - 0.125758900952 - [1,0,0,0,0,0,0,0,0,0,0,0,1,0,0,0,1,0,0,0,0,0,0,0,1,0,0,0,0,0,0,0,0,0,0,0,1,0,0,0,0,0,0,0,0,0,0,0] - [12,4] 
201. - 0.125758900952 - [1,0,0,0,0,0,0,0,0,0,0,0,1,0,0,0,0,0,0,0,1,0,0,0,1,0,0,0,0,0,0,0,0,0,0,0,1,0,0,0,0,0,0,0,0,0,0,0] - [12,4] 
202. - 0.125758900952 - [1,0,0,0,0,0,0,0,0,0,0,0,1,0,0,0,0,0,0,0,0,0,0,0,1,0,0,0,0,0,0,0,0,0,0,0,1,0,0,0,0,0,0,0,1,0,0,0] - [12,4] 
203. - 0.125758900952 - [1,0,0,0,0,0,0,0,1,0,0,0,1,0,0,0,0,0,0,0,0,0,0,0,1,0,0,0,0,0,0,0,0,0,0,0,1,0,0,0,0,0,0,0,0,0,0,0] - [12,4] 
204. - 0.125758900952 - [1,0,0,0,0,0,0,0,1,0,0,0,1,0,0,0,0,0,0,0,1,0,0,0,0,0,0,0,0,0,0,0,0,0,0,0,1,0,0,0,0,0,0,0,0,0,0,0] - [12,4] 
205. - 0.125758900952 - [1,0,0,0,1,0,0,0,0,0,0,0,0,0,0,0,0,0,0,0,0,0,0,0,1,0,0,0,0,0,0,0,0,0,0,0,1,0,0,0,0,0,0,0,1,0,0,0] - [12,4] 
206. - 0.125758900952 - [1,0,0,0,0,0,0,0,0,0,0,0,1,0,0,0,0,0,0,0,1,0,0,0,1,0,0,0,0,0,0,0,1,0,0,0,0,0,0,0,0,0,0,0,0,0,0,0] - [12,4] 
207. - 0.125758900952 - [1,0,0,0,0,0,0,0,0,0,0,0,0,0,0,0,0,0,0,0,0,0,0,0,1,0,0,0,0,0,0,0,0,0,0,0,1,0,0,0,1,0,0,0,1,0,0,0] - [12,4] 
208. - 0.125758900952 - [1,0,0,0,1,0,0,0,1,0,0,0,1,0,0,0,0,0,0,0,0,0,0,0,0,0,0,0,0,0,0,0,0,0,0,0,0,0,0,0,0,0,0,0,1,0,0,0] - [12,4] 
209. - 0.128219737828 - [1,0,0,0,0,0,0,0,0,0,0,0,1,0,0,0,0,0,0,0,0,0,0,0,1,0,0,0,0,0,0,0,0,0,1,0,1,0,0,0,0,0,0,0,0,0,0,0] - [12,4] 
