INDEX - DISTANCE - PATTERN - METER
0. - 0.104770408061 - [1,0,1,1,0,1,1,0] - [2,4] 
1. - 0.104770408061 - [1,0,0,0,1,0,1,0,0,0,1,0,1,0,0,0] - [4,4] 
2. - 0.107749944438 - [0,0,0,0,1,0,0,0,1,0,0,0,1,0,1,1] - [2,2] 
3. - 0.107749944438 - [0,0,0,0,1,0,0,0,1,0,0,0,1,0,1,1] - [4,4] 
4. - 0.111030665852 - [1,1,1,0,1,0,0,1] - [2,4] 
5. - 0.111536432592 - [1,0,0,1,1,1,1,0] - [2,4] 
6. - 0.111536432592 - [1,0,0,0,0,0,1,0,1,0,1,0,1,0,0,0] - [4,4] 
7. - 0.113081136349 - [1,0,1,0,0,0,0,0,1,0,0,0,1,0,1,0] - [2,2] 
8. - 0.113081136349 - [1,1,0,0,1,0,1,1] - [2,4] 
9. - 0.113081136349 - [1,0,1,0,0,0,0,0,1,0,0,0,1,0,1,0] - [4,4] 
10. - 0.113181114659 - [1,0,0,1,0,0,0,0,0,0,1,0,1,0,1,0] - [2,2] 
11. - 0.114659910057 - [1,0,1,0,0,0,0,0,1,0,0,0,1,0,0,1] - [2,2] 
12. - 0.117851813173 - [1,0,1,0,0,0,1,0,1,0,0,1,0,0,0,0] - [4,4] 
13. - 0.119644469137 - [1,0,1,1,1,1,0,0] - [2,4] 
14. - 0.134126220266 - [1,0,0,0,1,0,0,0,0,0,0,1,1,0,1,0] - [2,2] 
15. - 0.142822560550 - [1,0,1,1,0,0,1,1] - [2,4] 
16. - 0.147320863090 - [1,0,0,0,0,0,0,1,1,0,0,0,1,0,1,0] - [4,4] 
17. - 0.148342382972 - [0,0,1,1,1,0,1,1] - [2,4] 
18. - 0.148769046719 - [1,0,0,0,0,0,1,0,1,0,0,0,1,0,1,0] - [2,2] 
19. - 0.148769046719 - [1,0,0,1,1,0,1,1] - [2,4] 
20. - 0.150065153167 - [1,0,1,1,1,0,0,1] - [2,4] 
21. - 0.152507715880 - [1,0,1,0,1,0,0,0,1,0,0,0,1,0,0,0] - [2,2] 
22. - 0.152507715880 - [1,0,0,0,1,0,0,0,1,0,1,0,1,0,0,0] - [2,2] 
23. - 0.152507715880 - [1,1,1,0,1,0,1,0] - [2,4] 
24. - 0.152507715880 - [1,0,1,0,1,1,1,0] - [2,4] 
25. - 0.152507715880 - [1,0,0,0,1,0,0,0,1,0,1,0,1,0,0,0] - [4,4] 
26. - 0.152507715880 - [1,0,1,0,1,0,0,0,1,0,0,0,1,0,0,0] - [4,4] 
27. - 0.153243391621 - [1,0,0,0,1,0,0,0,1,0,0,0,0,0,1,1] - [4,4] 
28. - 0.156781718609 - [1,0,0,0,1,0,0,0,1,0,0,0,1,0,1,0] - [2,2] 
29. - 0.156781718609 - [1,0,1,0,1,0,1,1] - [2,4] 
30. - 0.156781718609 - [1,0,0,0,1,0,0,0,1,0,0,0,1,0,1,0] - [4,4] 
31. - 0.157890137619 - [1,0,1,0,0,0,0,0,1,0,1,1,0,0,0,0] - [2,2] 
32. - 0.159593309189 - [1,0,1,0,0,0,1,1,1,0,0,0,0,0,0,0] - [4,4] 
33. - 0.159624672185 - [1,0,1,1,1,0,1,0] - [2,4] 
34. - 0.159624672185 - [1,0,0,0,1,0,1,0,1,0,0,0,1,0,0,0] - [4,4] 
35. - 0.161177218823 - [1,0,0,0,0,0,0,0,1,0,0,0,1,0,0,0,0,0,0,0,1,0,0,0,0,0,0,0,0,0,0,0,0,0,0,0,1,0,0,0,0,0,0,0,0,0,0,0] - [12,4] 
36. - 0.163264294117 - [1,0,0,0,0,0,0,0,1,0,1,0,1,0,1,0] - [2,2] 
37. - 0.163264294117 - [1,0,0,0,1,1,1,1] - [2,4] 
38. - 0.163654163915 - [1,0,0,0,0,0,0,0,1,0,0,0,1,0,0,0,0,0,0,0,0,0,0,0,1,0,0,0,0,0,0,0,0,0,0,0,0,0,0,0,0,0,0,0,1,0,0,0] - [12,4] 
39. - 0.163731201207 - [1,0,0,0,0,0,0,0,0,0,0,0,1,0,0,0,1,0,1,0,0,0,0,1] - [12,8] 
40. - 0.164195308963 - [1,0,0,0,0,0,0,0,0,0,0,0,1,0,0,0,1,0,1,0,0,0,1,0] - [12,8] 
41. - 0.165019552889 - [1,0,0,0,0,0,0,0,1,0,0,0,0,0,0,0,0,0,0,0,0,0,0,0,1,0,0,0,0,0,0,0,0,0,0,0,1,0,0,0,0,0,0,0,1,0,0,0] - [12,4] 
42. - 0.166890364162 - [1,0,0,0,0,0,0,0,0,0,1,0,1,0,0,1,1,0,0,0] - [5,4] 
43. - 0.167159607803 - [1,0,0,0,1,0,0,0,1,0,0,0,1,0,0,1] - [4,4] 
44. - 0.167288981822 - [1,0,0,0,0,0,1,0,0,0,0,0,1,0,1,0,1,0,0,0,0,0,0,0] - [12,8] 
45. - 0.168197078499 - [1,0,0,0,0,0,0,0,0,0,1,0,1,0,1,0,0,0,1,0,0,0,0,0] - [12,8] 
46. - 0.169458426237 - [1,0,0,0,1,0,0,0,0,0,0,0,0,0,0,0,0,0,0,0,0,0,0,0,1,0,0,0,0,0,0,0,0,0,0,0,1,0,0,0,0,0,0,0,1,0,0,0] - [12,4] 
47. - 0.169924284604 - [1,0,0,0,1,0,0,0,0,0,0,0,1,0,1,1] - [2,2] 
48. - 0.170530592910 - [1,0,0,0,1,0,0,0,1,0,0,1,1,0,0,0] - [4,4] 
49. - 0.170871130531 - [1,0,0,0,0,0,0,0,0,0,0,0,1,0,0,0,0,0,0,0,1,0,0,0,1,0,0,0,0,0,0,0,1,0,0,0,0,0,0,0,0,0,0,0,0,0,0,0] - [12,4] 
50. - 0.170871130531 - [1,0,0,0,0,0,1,0,0,0,1,0,1,0,0,0,1,0,0,0,0,0,0,0] - [12,8] 
51. - 0.171158345143 - [1,0,0,0,1,0,0,1,1,0,0,0,1,0,0,0] - [2,2] 
52. - 0.171158345143 - [1,0,0,0,1,0,0,1,1,0,0,0,1,0,0,0] - [4,4] 
53. - 0.171346531386 - [1,0,0,0,1,0,0,1,0,0,1,1] - [3,4] 
54. - 0.171516037985 - [1,0,1,0,1,0,0,1,1,0,0,0,0,0,0,0,0,0,0,0] - [5,4] 
55. - 0.172465787517 - [1,1,1,1,1,0,0,0] - [2,4] 
56. - 0.175059858432 - [1,0,0,0,0,0,0,0,0,0,0,0,0,0,0,0,0,0,0,0,0,0,0,0,1,0,0,0,0,0,0,0,0,0,0,0,1,0,0,0,1,0,0,0,1,0,0,0] - [12,4] 
57. - 0.175069774399 - [1,1,0,1,1,0,0,0,1,0,0,0] - [3,4] 
58. - 0.176341030601 - [1,0,0,0,1,0,0,1,1,0,1,0] - [3,4] 
59. - 0.176341030601 - [1,0,0,0,1,0,1,0,0,0,0,0,1,0,0,0,0,0,0,0,1,0,0,0] - [6,4] 
60. - 0.177833848374 - [1,0,0,0,1,0,0,0,1,0,0,0,1,1,0,0] - [2,2] 
61. - 0.178249435558 - [1,0,0,0,0,0,0,1,1,0,0,0,1,0,0,1] - [2,2] 
62. - 0.178493897783 - [1,0,0,0,0,0,1,0,0,0,0,0,1,0,0,0,0,0,1,0,1,0,0,0] - [12,8] 
63. - 0.178585757821 - [1,0,0,0,0,0,1,0,1,0,0,0,1,0,0,0,1,0,0,0,0,0,0,0] - [6,4] 
64. - 0.178585757821 - [0,0,1,0,1,0,1,1,0,0,1,0] - [6,8] 
65. - 0.178607172371 - [1,0,0,0,0,0,0,0,0,0,0,0,1,0,0,0,1,0,0,0,0,0,0,0,1,0,0,0,0,0,0,0,0,0,0,0,1,0,0,0,0,0,0,0,0,0,0,0] - [12,4] 
66. - 0.178607172371 - [1,0,0,0,0,0,0,0,0,0,0,0,1,0,0,0,0,0,0,0,1,0,0,0,1,0,0,0,0,0,0,0,0,0,0,0,1,0,0,0,0,0,0,0,0,0,0,0] - [12,4] 
67. - 0.178909832652 - [1,0,0,0,0,0,1,0,0,0,0,1,1,0,0,0,0,0,1,0,0,0,0,0] - [12,8] 
68. - 0.179024323975 - [1,0,0,0,0,0,0,0,1,0,0,0,1,0,0,0,0,0,1,0,0,0,1,0] - [12,8] 
69. - 0.179038385614 - [1,0,0,0,0,0,0,0,0,0,0,0,1,0,0,0,0,0,0,0,0,0,0,0,1,0,0,0,0,0,0,0,0,0,1,0,1,0,0,0,0,0,0,0,0,0,0,0] - [12,4] 
70. - 0.179154061618 - [1,0,0,0,0,0,1,0,0,0,0,0,1,0,0,0,1,0,1,0,0,0,0,0] - [6,4] 
71. - 0.179154061618 - [1,0,0,0,0,0,0,0,0,0,0,0,1,0,0,0,0,0,0,0,0,0,0,0,1,0,0,0,0,0,0,0,1,0,0,0,1,0,0,0,0,0,0,0,0,0,0,0] - [12,4] 
72. - 0.179154061618 - [1,0,0,0,0,0,1,0,0,0,0,0,1,0,0,0,1,0,1,0,0,0,0,0] - [12,8] 
73. - 0.179487787740 - [1,0,0,0,0,0,0,0,0,0,0,0,1,0,0,0,0,0,0,0,0,0,0,0,1,0,0,0,0,0,0,0,0,0,0,0,1,0,0,0,0,0,0,0,1,0,0,0] - [12,4] 
74. - 0.179487787740 - [1,0,0,0,0,0,1,0,0,0,0,0,1,0,0,0,0,0,1,0,0,0,1,0] - [12,8] 
75. - 0.179996055350 - [1,0,0,0,0,0,1,0,0,0,0,0,1,0,1,0,0,0,1,0,0,0,0,0] - [12,8] 
76. - 0.179996055350 - [1,0,0,0,0,0,0,0,1,0,0,0,1,0,0,0,0,0,0,0,0,0,0,0,1,0,0,0,0,0,0,0,0,0,0,0,1,0,0,0,0,0,0,0,0,0,0,0] - [12,4] 
77. - 0.179996055350 - [1,0,0,0,1,0,1,0,0,0,0,0,1,0,0,0,0,0,1,0,0,0,0,0] - [12,8] 
78. - 0.180655462432 - [1,0,0,0,1,0,0,0,0,0,0,1,0,0,0,0,1,0,1,0] - [5,4] 
79. - 0.183433836796 - [1,0,0,0,0,0,0,0,1,0,0,1,0,0,0,0,1,0,0,0,0,0,1,0] - [6,4] 
80. - 0.183641811146 - [1,0,0,0,0,0,1,0,0,0,0,1,1,0,1,0,0,0] - [9,8] 
81. - 0.184442328045 - [1,0,0,0,1,0,0,0,0,0,0,0,1,0,0,0,1,0,1,0,0,0,0,0] - [12,8] 
82. - 0.185343658965 - [1,0,0,0,0,0,1,0,1,1,1,0] - [3,4] 
83. - 0.185969299000 - [1,0,1,1,0,0,1,0,1,0,0,0] - [3,4] 
84. - 0.185969299000 - [0,0,0,0,0,0,1,0,0,0,1,0,1,0,0,0,0,0,1,0,0,0,1,0] - [12,8] 
85. - 0.186242347388 - [1,1,0,0,1,0,1,0,0,0,0,1] - [6,8] 
86. - 0.186402145907 - [0,1,0,0,1,0,1,0,0,0,1,0,1,0,0,0,0,0] - [9,8] 
87. - 0.186424362907 - [0,0,0,0,0,0,0,0,1,0,0,0,1,0,0,0,0,0,0,0,0,0,0,0,1,0,0,1,0,0,0,0,1,0,0,0] - [9,4] 
88. - 0.186520747756 - [0,0,0,0,1,0,1,0,1,0,0,0,1,0,0,0,0,0,0,0,0,0,0,0,1,0,0,0] - [7,4] 
89. - 0.187039109785 - [1,0,0,0,1,1,0,0,0,0,0,0,1,0,0,0,1,0] - [9,8] 
90. - 0.187093824612 - [1,0,0,1,1,0,1,0,0,0,1,0] - [3,4] 
91. - 0.187093824612 - [1,0,0,0,0,0,0,0,1,0,0,0,1,0,1,0,0,0,0,0,1,0,0,0] - [6,4] 
92. - 0.187331322389 - [1,0,0,0,1,0,1,0,1,0,1,0,0,0,0,0,0,0,0,0,0,0,0,0] - [6,4] 
93. - 0.187362058594 - [0,0,0,0,0,0,1,0,0,0,1,0,1,1,0,0,1,0] - [9,8] 
94. - 0.187910249062 - [1,0,0,0,1,0,0,0,1,0,1,1] - [3,4] 
95. - 0.188410820464 - [1,0,0,0,0,0,0,0,0,0,0,0,1,0,0,0,0,0,0,0,0,0,0,0,1,0,0,0,0,0,0,0,1,0,1,0] - [9,4] 
96. - 0.188497525971 - [1,0,1,0,0,0,0,0,0,0,0,0,1,0,0,0,1,0,0,0,1,0,0,0] - [6,4] 
97. - 0.188497525971 - [1,0,1,0,1,0,0,0,0,1,1,0] - [6,8] 
98. - 0.188497525971 - [1,1,0,0,0,0,1,0,1,0,1,0] - [6,8] 
99. - 0.188709255837 - [1,0,0,0,0,0,0,0,1,0,0,0,0,0,0,0,0,0,1,0,0,0,0,0,1,0,0,0,0,0,0,0,1,0,0,0] - [9,4] 
100. - 0.188753342086 - [1,0,0,0,0,1,1,0,0,0,0,0,1,0,0,0,1,0] - [9,8] 
101. - 0.188940452416 - [1,0,0,0,0,1,1,0,1,0,1,0] - [3,4] 
102. - 0.189182378495 - [1,0,0,0,0,0,1,0,1,0,1,1] - [3,4] 
103. - 0.189182378495 - [1,0,0,0,0,0,0,0,0,0,0,0,1,0,0,0,1,0,0,0,1,0,1,0] - [6,4] 
104. - 0.189186685659 - [1,0,0,0,0,0,0,0,1,0,0,0,0,0,0,0,1,0,0,0,0,0,0,0,1,0,0,0,0,0,0,0,0,0,0,0,1,0,0,0,0,0,0,0,0,0,0,0] - [12,4] 
105. - 0.189449828530 - [1,0,0,0,0,1,1,1,0,0,1,0] - [6,8] 
106. - 0.189834680978 - [1,0,0,1,0,0,0,0,1,0,0,0,1,0,0,0,1,0,0,0] - [5,4] 
107. - 0.190082738692 - [1,1,0,0,1,0,1,0,1,0,0,0] - [6,8] 
108. - 0.190678553976 - [1,0,0,0,0,0,1,0,1,0,0,0,0,0,0,0,1,0,0,0,1,0,0,0,0,0,0,0] - [7,4] 
109. - 0.191758331783 - [1,0,0,1,1,1,1,0,0,0] - [5,8] 
110. - 0.191827171194 - [1,0,0,0,1,0,0,0,0,0,0,0,1,0,0,0,0,0,0,0,0,0,0,0,0,0,0,0,1,0,0,0,1,0,0,0] - [9,4] 
111. - 0.191828868072 - [1,0,0,0,1,0,0,0,0,0,1,0,1,0,1,0,0,0] - [9,8] 
112. - 0.192208881123 - [1,1,0,0,0,0,1,0,1,0,1,0,0,0] - [7,8] 
113. - 0.192714348573 - [0,0,0,0,0,0,1,0,1,0,0,0,1,0,1,0,1,0,0,0] - [5,4] 
114. - 0.192835262334 - [1,0,0,0,0,0,1,1,0,0,1,1] - [6,8] 
115. - 0.192925320809 - [1,0,0,0,0,0,0,0,1,0,1,0,1,0,0,0,1,0,0,0,0,0,0,0] - [6,4] 
116. - 0.192925320809 - [1,0,0,0,1,1,1,0,1,0,0,0] - [6,8] 
117. - 0.192942393361 - [1,0,0,0,1,0,1,1,0,0,0,1] - [3,4] 
118. - 0.192970630730 - [1,0,1,0,1,0,1,0,0,0,0,1] - [6,8] 
119. - 0.193606767409 - [1,0,0,0,0,0,0,0,1,0,0,0,1,0,0,0,0,0,0,0,0,0,0,0,0,0,0,0,1,0,0,0,1,0,0,0] - [9,4] 
120. - 0.193616988613 - [0,0,0,0,1,0,0,0,1,0,0,0,0,0,1,0,1,0,0,0,0,0,0,0,1,0,0,0] - [7,4] 
121. - 0.193645500064 - [1,0,0,0,0,0,1,1,1,0,0,0,1,0] - [7,8] 
122. - 0.193703731267 - [1,0,0,0,1,0,0,0,1,1,1,0] - [3,4] 
123. - 0.193763852785 - [1,0,0,0,0,0,0,0,1,0,0,0,0,0,1,0,0,0,0,0,1,0,0,0,1,0,0,0] - [7,4] 
124. - 0.193872399034 - [1,0,0,0,1,0,0,0,0,0,0,0,1,0,1,0,0,0,0,0,0,0,1,0,0,0,0,0] - [7,4] 
125. - 0.193965342761 - [1,0,0,0,0,0,0,0,1,0,1,0,1,1] - [7,8] 
126. - 0.193979911994 - [1,0,0,0,1,0,1,0,1,0,0,1] - [3,4] 
127. - 0.193979911994 - [1,0,0,0,1,0,1,0,1,0,0,1] - [6,8] 
128. - 0.194095906506 - [1,0,0,0,1,0,0,0,1,0,0,0,1,0,0,0,0,0,0,1] - [5,4] 
129. - 0.194203991373 - [0,0,0,0,1,0,1,0,0,0,1,0,1,1] - [7,8] 
130. - 0.194459060845 - [1,0,1,0,0,0,1,1,1,0,0,0,0,0] - [7,8] 
131. - 0.194495074156 - [1,0,0,0,0,0,1,0,0,0,0,0,1,0,0,0,1,0,1,0] - [5,4] 
132. - 0.194495074156 - [1,0,0,1,0,0,1,0,1,1] - [5,8] 
133. - 0.194542763557 - [1,0,0,0,1,0,1,0,0,0,1,0,0,1] - [7,8] 
134. - 0.194654434740 - [1,0,0,1,1,0,1,0,0,0,1,0,0,0] - [7,8] 
135. - 0.195000248501 - [1,0,0,0,0,0,0,0,1,0,0,0,1,0,0,0,1,0,0,0,0,0,1,0,0,0,0,0] - [7,4] 
136. - 0.195215763867 - [1,0,0,0,0,0,0,0,0,0,0,0,1,0,0,0,0,0,0,0,1,0,0,0,1,0,0,0,1,0,0,0,0,0,0,0] - [9,4] 
137. - 0.195215763867 - [1,0,0,0,0,0,1,0,0,0,1,0,1,0,1,0,0,0] - [9,8] 
138. - 0.195263879227 - [0,0,0,0,0,0,1,0,1,0,0,0,0,0,0,0,1,0,0,0,1,0,0,0,1,0,0,0] - [7,4] 
139. - 0.195616880884 - [0,0,0,0,0,0,1,0,1,0,0,0,1,0,0,0,1,0,0,0,1,0,0,0,0,0,0,0] - [7,4] 
140. - 0.195726324723 - [1,0,0,0,0,0,0,0,1,0,0,0,1,0,0,0,1,0,0,0,0,0,0,0,1,0,0,0,0,0,0,0,0,0,0,0,0,0,0,0,0,0,0,0,0,0,0,0] - [12,4] 
141. - 0.196565507191 - [1,0,0,0,1,0,1,0,1,1] - [5,8] 
142. - 0.196686931369 - [1,0,0,0,0,0,1,0,1,0,0,0,0,0,0,0,1,0,0,0,0,0,0,0,1,0,0,0] - [7,4] 
143. - 0.196686931369 - [1,0,0,1,1,0,0,0,1,0,0,0,1,0] - [7,8] 
144. - 0.196832540388 - [1,0,0,0,1,0,0,1,1,0,0,0,1,0] - [7,8] 
145. - 0.197068117873 - [1,0,1,0,0,1,1,0,1,0] - [5,8] 
146. - 0.197180841773 - [1,0,0,0,0,0,0,0,0,0,0,0,1,0,0,0,0,0,0,0,0,0,0,0,1,0,0,0,1,0,0,0,1,0,0,0] - [9,4] 
147. - 0.198044872651 - [1,0,0,0,0,0,0,0,1,0,0,0,1,0,0,0,1,0,0,0,1,0,0,0,0,0,0,0,0,0,0,0,0,0,0,0] - [9,4] 
148. - 0.198044872651 - [0,0,0,0,0,0,0,0,0,0,0,0,1,0,0,0,1,0,0,0,1,0,0,0,1,0,0,0,0,0,0,0,1,0,0,0] - [9,4] 
149. - 0.198044872651 - [0,0,0,0,0,0,1,0,0,0,1,0,1,0,1,0,1,0] - [9,8] 
150. - 0.198381104548 - [1,0,0,0,1,0,0,0,0,0,0,0,1,0,0,0,0,0,0,0,1,0,0,0,1,0,0,0,0,0,0,0,0,0,0,0] - [9,4] 
151. - 0.198381104548 - [1,0,1,0,0,0,1,0,0,0,1,0,1,0,0,0,0,0] - [9,8] 
152. - 0.198462361312 - [1,0,0,0,1,0,1,0,1,0,0,0,0,0,0,0,1,0,0,0] - [5,4] 
153. - 0.199160848113 - [1,0,0,0,0,0,1,0,1,0,0,0,1,0,0,0,1,0,0,0] - [5,4] 
154. - 0.199160848113 - [1,0,0,1,1,0,1,0,1,0] - [5,8] 
155. - 0.199439455162 - [1,0,1,0,0,0,0,0,0,0,1,0,1,0,1,0,0,0] - [9,8] 
156. - 0.199461959696 - [1,0,0,0,1,0,0,0,1,0,0,0,0,0,0,0,1,0,1,0] - [5,4] 
157. - 0.199461959696 - [1,0,1,0,1,0,0,0,1,1] - [5,8] 
158. - 0.200003515656 - [1,0,0,0,1,0,0,0,1,0,0,0,1,0,0,0,0,0,0,0,0,0,0,0,1,0,0,0,0,0,0,0,0,0,0,0] - [9,4] 
159. - 0.200003515656 - [1,0,0,0,0,0,1,0,1,0,1,0,1,0,0,0,0,0] - [9,8] 
160. - 0.200259872730 - [1,0,1,0,0,0,1,0,0,0,0,0,1,0,0,0,1,0] - [9,8] 
161. - 0.200901192810 - [0,0,0,0,1,0,1,0,1,0,0,0,1,0,0,0,1,0,0,0] - [5,4] 
162. - 0.202109526851 - [1,0,0,0,1,0,0,0,1,0,0,0,1,0,0,0,0,0,0,0,0,0,0,0,0,0,0,0,0,0,0,0,0,0,0,0,0,0,0,0,0,0,0,0,1,0,0,0] - [12,4] 
163. - 0.202478260206 - [1,0,0,0,0,0,0,0,1,0,0,0,0,0,0,0,0,0,0,0,1,0,0,0,1,0,0,0,0,0,0,0,1,0,0,0] - [9,4] 
164. - 0.202478260206 - [1,0,0,0,1,0,0,0,0,0,1,0,1,0,0,0,1,0] - [9,8] 
165. - 0.203304522650 - [1,0,0,1,1,1,0,0,1,0] - [5,8] 
166. - 0.203768643752 - [1,0,0,0,0,0,1,0,1,0,0,0,1,0,0,0,0,0,1,0] - [5,4] 
167. - 0.204279801178 - [1,0,0,0,1,0,1,0,0,0,1,0,1,0,0,0,0,0] - [9,8] 
168. - 0.204803830662 - [1,0,0,0,0,0,0,0,1,0,0,0,0,0,0,0,1,0,0,0,0,0,0,0,1,0,1,0] - [7,4] 
169. - 0.205704277993 - [1,0,0,0,0,0,1,0,0,0,1,0,1,0,0,0,1,0] - [9,8] 
170. - 0.206536218692 - [1,0,0,0,1,0,0,0,0,0,0,0,1,0,0,0,1,0,0,0,0,0,0,0,0,0,0,0,1,0,0,0,0,0,0,0] - [9,4] 
171. - 0.206536218692 - [1,0,0,0,0,0,0,0,0,0,0,0,1,0,0,0,1,0,0,0,0,0,0,0,1,0,0,0,1,0,0,0,0,0,0,0] - [9,4] 
172. - 0.207626257104 - [1,0,1,0,0,0,1,0,1,1] - [5,8] 
173. - 0.208504870237 - [1,0,0,0,1,0,0,0,1,0,0,0,0,0,0,0,1,0,0,0,1,0,0,0,0,0,0,0] - [7,4] 
174. - 0.208504870237 - [1,0,0,0,1,0,0,0,0,0,0,0,1,0,0,0,1,0,0,0,1,0,0,0,0,0,0,0] - [7,4] 
175. - 0.208504870237 - [1,0,1,0,1,0,0,0,1,0,1,0,0,0] - [7,8] 
176. - 0.208538101844 - [1,0,0,0,0,0,0,0,1,0,0,0,1,0,0,0,0,0,0,1,1,0,0,0] - [6,4] 
177. - 0.210044547822 - [1,0,0,0,1,0,0,0,0,0,0,1,1,0,0,0,0,0,0,0,0,0,0,1] - [12,8] 
178. - 0.210151739637 - [1,0,0,0,0,0,0,0,0,0,0,0,1,0,0,0,1,0,0,0,1,0,0,0,1,0,0,0] - [7,4] 
179. - 0.210314828084 - [1,0,0,0,0,0,0,0,1,0,0,0,1,0,1,0,1,0,0,0] - [5,4] 
180. - 0.210314828084 - [1,1,1,0,1,0,0,0,1,0] - [5,8] 
181. - 0.210398240189 - [1,0,0,0,0,0,0,0,1,0,0,0,1,0,0,0,0,0,0,0,1,0,1,0] - [6,4] 
182. - 0.210708010559 - [1,0,0,0,1,0,0,0,1,0,1,0,1,0] - [7,8] 
183. - 0.210708010559 - [1,0,1,0,1,0,0,0,1,0,0,0,1,0] - [7,8] 
184. - 0.211357643472 - [1,0,0,0,1,1,0,0,0,0,1,1] - [6,8] 
185. - 0.211747313266 - [1,0,0,0,0,0,0,0,1,0,1,0,0,0,0,0,1,0,1,0] - [5,4] 
186. - 0.211822968328 - [1,0,0,1,1,0,0,0,1,1] - [5,8] 
187. - 0.212528248115 - [0,0,0,0,1,0,0,0,1,0,0,0,1,0,0,0,1,0,0,0,0,0,0,0,1,0,0,0] - [7,4] 
188. - 0.212528248115 - [1,0,0,0,1,0,1,0,1,0,1,0,0,0] - [7,8] 
189. - 0.212528248115 - [1,0,1,0,1,0,1,0,0,0,1,0,0,0] - [7,8] 
190. - 0.212935287666 - [1,0,0,0,1,0,0,0,0,0,0,0,1,0,0,0,0,0,0,0,1,0,0,0,1,0,0,0] - [7,4] 
191. - 0.214021959880 - [1,0,0,0,0,0,0,0,1,0,0,0,1,0,0,0,0,0,0,0,1,0,0,0,0,0,0,0,1,0,0,0,0,0,0,0] - [9,4] 
192. - 0.216118708551 - [1,0,0,0,1,1,1,0,0,0,1,0] - [6,8] 
193. - 0.216273675349 - [1,0,0,0,0,0,0,0,0,0,1,0,1,0,0,0,0,0,0,0,1,0,1,0] - [6,4] 
194. - 0.218175133420 - [1,0,1,1,1,0,1,0,0,0] - [5,8] 
195. - 0.218175133420 - [0,0,1,0,1,1,1,0,1,0] - [5,8] 
196. - 0.219262077888 - [1,0,1,0,1,0,0,0,1,0,1,0] - [3,4] 
197. - 0.219262077888 - [1,0,0,0,1,0,0,0,0,0,0,0,1,0,0,0,1,0,0,0,1,0,0,0] - [6,4] 
198. - 0.219262077888 - [1,0,1,0,0,0,1,0,1,0,1,0] - [6,8] 
199. - 0.219289548365 - [1,0,0,0,0,0,1,1,1,1] - [5,8] 
200. - 0.219345408464 - [1,0,0,0,1,0,1,0,1,0,1,0] - [3,4] 
201. - 0.219345408464 - [1,0,1,0,1,0,1,0,0,0,1,0] - [3,4] 
202. - 0.219345408464 - [1,0,0,0,0,0,0,0,1,0,0,0,1,0,0,0,1,0,0,0,1,0,0,0] - [6,4] 
203. - 0.219345408464 - [1,0,0,0,1,0,1,0,1,0,1,0] - [6,8] 
204. - 0.219345408464 - [1,0,1,0,1,0,1,0,0,0,1,0] - [6,8] 
205. - 0.221452855975 - [0,0,0,0,1,0,1,0,1,0,1,0,1,0] - [7,8] 
206. - 0.226189955540 - [1,1,0,0,1,0,0,1,1,0] - [5,8] 
207. - 0.228407015991 - [1,0,0,0,1,0,0,0,1,0,0,0,1,0,0,0,1,0,0,0,0,0,0,0] - [6,4] 
208. - 0.256833796469 - [1,0,0,0,1,0,0,0,1,0,0,0,1,0,0,0,1,0,0,0] - [5,4] 
209. - 0.256833796469 - [1,0,1,0,1,0,1,0,1,0] - [5,8] 
