--- OBJECTS SORTED BY DISTANCE TO USER PATTERN --- 
0. Distance: 0.029  - Pattern: [1,0,0,1,0,0,1,0,1,0,0,0,1,0,0,0]  - Meter: [4,4] 
1. Distance: 0.034  - Pattern: [1,0,1,1,0,0,0,0,1,0,0,0,1,0,0,0]  - Meter: [4,4] 
2. Distance: 0.034  - Pattern: [1,0,1,0,0,0,0,0,1,0,0,1,1,0,0,0]  - Meter: [4,4] 
3. Distance: 0.034  - Pattern: [1,0,0,0,0,0,1,0,1,0,0,0,1,1,0,0]  - Meter: [4,4] 
4. Distance: 0.037  - Pattern: [1,0,1,0,0,0,1,0,1,0,0,0,1,0,0,0]  - Meter: [2,2] 
5. Distance: 0.037  - Pattern: [1,0,1,0,0,0,1,0,1,0,0,0,1,0,0,0]  - Meter: [4,4] 
6. Distance: 0.037  - Pattern: [0,0,1,0,1,0,0,0,1,0,0,0,1,0,1,0]  - Meter: [2,2] 
7. Distance: 0.037  - Pattern: [1,0,0,0,1,0,0,0,1,0,1,0,0,0,1,0]  - Meter: [2,2] 
8. Distance: 0.037  - Pattern: [1,0,0,0,1,0,1,0,0,0,1,0,0,0,1,0]  - Meter: [2,2] 
9. Distance: 0.040  - Pattern: [1,0,0,0,0,0,1,0,1,0,1,0,1,0,0,0]  - Meter: [2,2] 
10. Distance: 0.040  - Pattern: [1,0,1,0,0,0,0,0,1,0,0,0,1,0,1,0]  - Meter: [2,2] 
11. Distance: 0.040  - Pattern: [1,0,1,0,0,0,0,0,1,0,0,0,1,0,1,0]  - Meter: [4,4] 
12. Distance: 0.044  - Pattern: [1,0,0,0,0,0,0,0,1,0,1,0,1,0,0,1]  - Meter: [2,2] 
13. Distance: 0.047  - Pattern: [1,0,0,0,0,0,1,0,1,0,0,1,1,0,0,0]  - Meter: [2,2] 
14. Distance: 0.047  - Pattern: [1,0,0,0,0,0,1,1,1,0,0,0,1,0,0,0]  - Meter: [2,2] 
15. Distance: 0.050  - Pattern: [1,0,0,0,1,0,1,0,0,0,0,0,1,0,1,0]  - Meter: [4,4] 
16. Distance: 0.050  - Pattern: [1,0,0,0,1,0,1,0,1,0,0,0,0,0,1,0]  - Meter: [4,4] 
17. Distance: 0.052  - Pattern: [1,0,0,0,1,0,0,0,1,0,1,0,1,0,0,0]  - Meter: [2,2] 
18. Distance: 0.052  - Pattern: [1,0,1,0,1,0,0,0,1,0,0,0,1,0,0,0]  - Meter: [2,2] 
19. Distance: 0.052  - Pattern: [1,0,0,0,1,0,0,0,1,0,1,0,1,0,0,0]  - Meter: [4,4] 
20. Distance: 0.052  - Pattern: [1,0,1,0,1,0,0,0,1,0,0,0,1,0,0,0]  - Meter: [4,4] 
21. Distance: 0.052  - Pattern: [1,0,0,0,1,0,0,0,1,0,0,0,1,0,1,0]  - Meter: [2,2] 
22. Distance: 0.052  - Pattern: [1,0,0,0,1,0,0,0,1,0,0,0,1,0,1,0]  - Meter: [4,4] 
23. Distance: 0.052  - Pattern: [1,0,0,0,1,0,1,0,1,0,0,0,1,0,0,0]  - Meter: [2,2] 
24. Distance: 0.052  - Pattern: [1,0,0,0,1,0,1,0,1,0,0,0,1,0,0,0]  - Meter: [4,4] 
25. Distance: 0.054  - Pattern: [1,0,0,0,1,0,0,0,1,0,0,0,1,0,0,1]  - Meter: [2,2] 
26. Distance: 0.054  - Pattern: [1,0,0,0,1,0,0,0,1,0,0,1,1,0,0,0]  - Meter: [4,4] 
27. Distance: 0.054  - Pattern: [1,0,0,0,1,1,0,0,1,0,0,0,1,0,0,0]  - Meter: [4,4] 
28. Distance: 0.056  - Pattern: [1,1,1,0,1,0,1,0]  - Meter: [2,4] 
29. Distance: 0.056  - Pattern: [1,0,1,0,1,1,1,0]  - Meter: [2,4] 
30. Distance: 0.056  - Pattern: [1,0,1,0,1,0,1,1]  - Meter: [2,4] 
31. Distance: 0.056  - Pattern: [1,0,1,1,1,0,1,0]  - Meter: [2,4] 
32. Distance: 0.058  - Pattern: [1,0,0,0,0,0,0,0,1,0,1,0,1,0,1,0]  - Meter: [2,2] 
33. Distance: 0.058  - Pattern: [1,0,0,0,0,0,0,0,1,0,1,0,1,0,1,0]  - Meter: [4,4] 
34. Distance: 0.063  - Pattern: [1,1,1,0,1,0,0,1]  - Meter: [2,4] 
35. Distance: 0.063  - Pattern: [1,0,0,1,1,1,1,0]  - Meter: [2,4] 
36. Distance: 0.063  - Pattern: [1,1,0,0,1,0,1,1]  - Meter: [2,4] 
37. Distance: 0.063  - Pattern: [1,0,1,1,1,1,0,0]  - Meter: [2,4] 
38. Distance: 0.063  - Pattern: [0,0,1,1,1,1,0,1]  - Meter: [2,4] 
39. Distance: 0.063  - Pattern: [1,1,0,1,1,0,0,1]  - Meter: [2,4] 
40. Distance: 0.063  - Pattern: [1,0,0,1,1,0,1,1]  - Meter: [2,4] 
41. Distance: 0.063  - Pattern: [1,1,0,0,1,1,1,0]  - Meter: [2,4] 
42. Distance: 0.063  - Pattern: [1,0,1,1,1,0,0,1]  - Meter: [2,4] 
43. Distance: 0.064  - Pattern: [1,1,0,1,1,0,1,0]  - Meter: [2,4] 
44. Distance: 0.064  - Pattern: [1,0,0,0,1,1,1,1]  - Meter: [2,4] 
45. Distance: 0.065  - Pattern: [1,0,1,0,1,0,1,0,1,0]  - Meter: [5,8] 
46. Distance: 0.068  - Pattern: [1,0,1,0,1,0,1,0,0,0,1,0]  - Meter: [3,4] 
47. Distance: 0.068  - Pattern: [1,0,0,0,1,0,1,0,1,0,1,0]  - Meter: [3,4] 
48. Distance: 0.068  - Pattern: [1,0,1,0,1,0,1,0,0,0,1,0]  - Meter: [6,8] 
49. Distance: 0.068  - Pattern: [1,0,0,0,1,0,1,0,1,0,1,0]  - Meter: [6,8] 
50. Distance: 0.068  - Pattern: [1,0,1,0,0,0,1,0,1,1]  - Meter: [5,8] 
51. Distance: 0.068  - Pattern: [1,0,1,0,1,0,0,0,1,0,1,0]  - Meter: [3,4] 
52. Distance: 0.068  - Pattern: [1,0,1,0,0,0,1,0,1,0,1,0]  - Meter: [3,4] 
53. Distance: 0.068  - Pattern: [1,0,1,0,0,0,1,0,1,0,1,0]  - Meter: [6,8] 
54. Distance: 0.068  - Pattern: [1,0,1,0,1,0,0,0,1,0,1,0]  - Meter: [6,8] 
55. Distance: 0.068  - Pattern: [0,0,1,0,1,0,1,0,1,0,1,0]  - Meter: [6,8] 
56. Distance: 0.069  - Pattern: [1,0,1,0,1,0,1,0,0,1]  - Meter: [5,8] 
57. Distance: 0.069  - Pattern: [1,0,1,0,1,0,1,1,0,0]  - Meter: [5,8] 
58. Distance: 0.069  - Pattern: [1,0,0,0,1,0,1,0,1,1]  - Meter: [5,8] 
59. Distance: 0.069  - Pattern: [1,0,0,1,1,0,1,0,1,0]  - Meter: [5,8] 
60. Distance: 0.069  - Pattern: [1,0,1,0,0,0,1,1,1,0]  - Meter: [5,8] 
61. Distance: 0.069  - Pattern: [1,1,1,0,1,0,1,0,0,0]  - Meter: [5,8] 
62. Distance: 0.070  - Pattern: [1,0,1,0,0,0,1,0,0,1,1,0]  - Meter: [6,8] 
63. Distance: 0.070  - Pattern: [1,1,0,0,1,0,0,0,1,0,1,0]  - Meter: [3,4] 
64. Distance: 0.070  - Pattern: [1,0,1,0,1,0,0,0,1,0,0,1]  - Meter: [3,4] 
65. Distance: 0.070  - Pattern: [1,0,0,0,1,0,0,1,1,0,1,0]  - Meter: [3,4] 
66. Distance: 0.070  - Pattern: [1,1,0,0,1,0,1,0,1,0,0,0]  - Meter: [3,4] 
67. Distance: 0.070  - Pattern: [1,0,0,0,1,0,1,0,1,0,0,1]  - Meter: [3,4] 
68. Distance: 0.070  - Pattern: [1,0,0,0,1,1,0,0,1,0,1,0]  - Meter: [3,4] 
69. Distance: 0.070  - Pattern: [1,0,0,0,1,0,1,1,1,0,0,0]  - Meter: [3,4] 
70. Distance: 0.072  - Pattern: [1,0,0,0,1,0,1,0,0,1,1,0]  - Meter: [6,8] 
71. Distance: 0.072  - Pattern: [1,0,0,0,1,0,1,1,0,0,1,0]  - Meter: [3,4] 
72. Distance: 0.072  - Pattern: [0,0,0,1,1,0,1,0,1,0,1,0]  - Meter: [3,4] 
73. Distance: 0.073  - Pattern: [1,0,0,0,1,1,1,0,0,0,1,0]  - Meter: [6,8] 
74. Distance: 0.073  - Pattern: [1,0,1,1,1,0,1,0,0,0,0,0]  - Meter: [6,8] 
75. Distance: 0.073  - Pattern: [1,1,1,0,1,0,0,0,0,0,1,0]  - Meter: [6,8] 
76. Distance: 0.073  - Pattern: [1,0,1,1,0,0,1,0,1,0,0,0]  - Meter: [6,8] 
77. Distance: 0.073  - Pattern: [1,0,0,0,0,0,1,1,1,0,1,0]  - Meter: [6,8] 
78. Distance: 0.076  - Pattern: [1,0,0,1,1,0,0,1,1,0,0,0]  - Meter: [3,4] 
79. Distance: 0.076  - Pattern: [1,0,1,0,1,0,1,0,1,0,0,0,0,0]  - Meter: [7,8] 
80. Distance: 0.076  - Pattern: [1,0,0,0,1,0,0,0,1,0,1,0,1,0]  - Meter: [7,8] 
81. Distance: 0.076  - Pattern: [1,0,1,0,1,0,0,0,1,0,0,0,1,0]  - Meter: [7,8] 
82. Distance: 0.076  - Pattern: [1,0,0,0,1,0,1,0,1,0,0,0,1,0]  - Meter: [7,8] 
83. Distance: 0.077  - Pattern: [1,0,0,0,1,1,0,0,1,0,0,1]  - Meter: [6,8] 
84. Distance: 0.077  - Pattern: [0,1,0,1,1,0,0,1,1,0]  - Meter: [5,8] 
85. Distance: 0.077  - Pattern: [0,0,1,1,1,0,1,0,0,1]  - Meter: [5,8] 
86. Distance: 0.077  - Pattern: [1,0,1,1,1,0,0,0,0,1]  - Meter: [5,8] 
87. Distance: 0.077  - Pattern: [1,1,0,0,1,1,0,0,1,0]  - Meter: [5,8] 
88. Distance: 0.077  - Pattern: [1,0,0,0,1,0,0,1,1,1]  - Meter: [5,8] 
89. Distance: 0.077  - Pattern: [0,0,1,0,1,0,1,1,0,1]  - Meter: [5,8] 
90. Distance: 0.078  - Pattern: [0,0,0,0,1,1,1,1,0,1]  - Meter: [5,8] 
91. Distance: 0.079  - Pattern: [0,0,0,1,0,0,1,0,1,0,1,0,1,0]  - Meter: [7,8] 
92. Distance: 0.079  - Pattern: [0,0,1,0,0,0,1,0,1,0,0,0,1,1]  - Meter: [7,8] 
93. Distance: 0.079  - Pattern: [0,0,1,0,1,0,1,0,0,0,0,1,1,0]  - Meter: [7,8] 
94. Distance: 0.080  - Pattern: [1,0,0,0,1,0,0,0,1,0,1,1,0,0]  - Meter: [7,8] 
95. Distance: 0.080  - Pattern: [1,0,1,0,1,0,0,0,0,0,0,0,1,1]  - Meter: [7,8] 
96. Distance: 0.080  - Pattern: [1,0,0,0,0,0,0,0,1,0,1,0,1,1]  - Meter: [7,8] 
97. Distance: 0.080  - Pattern: [1,0,0,0,1,0,1,1,1,0,0,0,0,0]  - Meter: [7,8] 
98. Distance: 0.080  - Pattern: [1,0,1,1,1,0,0,0,0,0,0,0,1,0]  - Meter: [7,8] 
99. Distance: 0.080  - Pattern: [1,0,0,0,0,0,1,0,0,0,1,1,1,0]  - Meter: [7,8] 
100. Distance: 0.080  - Pattern: [1,0,0,0,1,1,0,0,1,0,0,0,1,0]  - Meter: [7,8] 
101. Distance: 0.080  - Pattern: [1,0,0,0,1,0,0,0,1,0,0,1,1,0]  - Meter: [7,8] 
102. Distance: 0.080  - Pattern: [0,0,1,0,1,1,1,0,0,0,0,1]  - Meter: [6,8] 
103. Distance: 0.081  - Pattern: [1,0,0,0,0,1,0,0,1,0,1,1]  - Meter: [6,8] 
104. Distance: 0.081  - Pattern: [1,0,0,0,0,0,0,1,1,1,1,0]  - Meter: [3,4] 
105. Distance: 0.081  - Pattern: [1,0,0,0,1,0,0,0,1,0,0,0,1,0,0,0,1,0,0,0]  - Meter: [5,4] 
106. Distance: 0.084  - Pattern: [1,0,0,0,1,0,1,0,0,0,0,0,1,0,0,0,1,0,0,0]  - Meter: [5,4] 
107. Distance: 0.085  - Pattern: [1,0,0,0,0,0,1,0,1,0,0,0,1,0,0,0,1,0,0,0]  - Meter: [5,4] 
108. Distance: 0.085  - Pattern: [1,0,0,0,0,0,1,0,0,0,1,0,1,0,0,0,1,0]  - Meter: [9,8] 
109. Distance: 0.085  - Pattern: [1,0,0,0,0,0,0,0,1,0,0,0,1,0,0,0,1,0,1,0]  - Meter: [5,4] 
110. Distance: 0.085  - Pattern: [1,0,0,0,1,0,1,0,1,0,0,0,0,0,0,0,1,0,0,0]  - Meter: [5,4] 
111. Distance: 0.085  - Pattern: [1,0,1,0,0,0,0,0,0,0,1,0,1,0,0,0,1,0]  - Meter: [9,8] 
112. Distance: 0.085  - Pattern: [1,0,0,0,0,0,1,0,0,0,0,0,1,0,1,0,1,0]  - Meter: [9,8] 
113. Distance: 0.085  - Pattern: [1,0,0,0,1,0,0,0,0,0,0,0,1,0,1,0,1,0,0,0]  - Meter: [5,4] 
114. Distance: 0.085  - Pattern: [1,0,0,0,1,0,0,0,0,0,0,0,1,0,1,0,1,0]  - Meter: [9,8] 
115. Distance: 0.085  - Pattern: [1,0,0,0,1,0,0,0,1,0,0,0,0,0,0,0,1,0,1,0]  - Meter: [5,4] 
116. Distance: 0.085  - Pattern: [1,0,0,0,0,0,0,0,1,0,0,0,1,0,1,0,1,0,0,0]  - Meter: [5,4] 
117. Distance: 0.085  - Pattern: [1,0,0,0,0,0,1,0,0,0,1,0,1,0,1,0,0,0]  - Meter: [9,8] 
118. Distance: 0.085  - Pattern: [1,0,0,0,0,0,1,0,1,0,1,0,1,0,0,0,0,0]  - Meter: [9,8] 
119. Distance: 0.085  - Pattern: [0,0,1,0,1,0,0,0,0,0,1,0,0,0,1,0,1,0]  - Meter: [9,8] 
120. Distance: 0.085  - Pattern: [0,0,0,0,0,0,1,0,0,0,1,0,1,0,1,0,1,0]  - Meter: [9,8] 
121. Distance: 0.085  - Pattern: [1,0,0,0,1,0,0,0,1,0,0,0,1,0,0,0,0,0,1,0]  - Meter: [5,4] 
122. Distance: 0.085  - Pattern: [1,0,0,0,0,0,1,0,1,0,0,0,1,0,0,0,1,0]  - Meter: [9,8] 
123. Distance: 0.085  - Pattern: [1,0,0,0,0,0,1,0,1,0,1,0,0,0,0,0,1,0]  - Meter: [9,8] 
124. Distance: 0.085  - Pattern: [1,0,1,0,0,0,1,0,0,0,1,0,1,0,0,0,0,0]  - Meter: [9,8] 
125. Distance: 0.085  - Pattern: [1,0,0,0,1,0,1,0,0,0,1,0,0,0,1,0,0,0]  - Meter: [9,8] 
126. Distance: 0.085  - Pattern: [1,0,0,0,1,0,1,0,0,0,1,0,1,0,0,0,0,0]  - Meter: [9,8] 
127. Distance: 0.085  - Pattern: [1,0,0,0,0,0,1,0,1,0,0,0,1,0,0,0,1,0,0,0,0,0,0,0]  - Meter: [6,4] 
128. Distance: 0.086  - Pattern: [1,0,0,0,1,0,0,0,0,0,0,0,1,0,0,0,0,0,0,0,1,0,1,0]  - Meter: [6,4] 
129. Distance: 0.086  - Pattern: [1,0,0,0,1,0,1,0,0,0,0,0,1,0,1,0,0,0]  - Meter: [9,8] 
130. Distance: 0.086  - Pattern: [1,0,0,0,1,0,0,0,1,0,1,0,1,0,0,0,0,0]  - Meter: [9,8] 
131. Distance: 0.086  - Pattern: [1,0,0,0,1,0,0,0,1,0,0,0,0,0,0,0,1,0,0,0,1,0,0,0]  - Meter: [6,4] 
132. Distance: 0.086  - Pattern: [1,0,0,0,1,0,0,0,0,0,0,0,1,0,0,0,1,0,0,0,1,0,0,0]  - Meter: [6,4] 
133. Distance: 0.087  - Pattern: [1,0,0,0,0,0,0,0,1,0,0,0,1,0,0,0,1,0,0,0,1,0,0,0]  - Meter: [6,4] 
134. Distance: 0.087  - Pattern: [1,0,0,0,1,0,0,0,1,0,0,0,1,0,0,0,0,0,0,0,1,0,0,0]  - Meter: [6,4] 
135. Distance: 0.088  - Pattern: [1,0,0,0,1,0,1,0,0,0,0,0,0,0,0,0,1,0,1,0]  - Meter: [5,4] 
136. Distance: 0.088  - Pattern: [0,0,0,0,1,0,0,0,1,0,0,0,0,0,1,0,1,0,1,0]  - Meter: [5,4] 
137. Distance: 0.088  - Pattern: [1,0,0,0,1,0,0,0,1,0,0,0,0,0,1,0,0,0,1,0]  - Meter: [5,4] 
138. Distance: 0.089  - Pattern: [1,0,0,0,0,0,0,0,1,0,0,0,0,0,1,0,1,0,1,0]  - Meter: [5,4] 
139. Distance: 0.089  - Pattern: [0,0,0,0,1,0,0,0,0,0,1,0,1,0,0,0,1,0,1,0]  - Meter: [5,4] 
140. Distance: 0.089  - Pattern: [1,0,0,0,0,0,0,0,0,0,1,0,1,0,0,0,1,0,1,0,0,0,0,0]  - Meter: [12,8] 
141. Distance: 0.089  - Pattern: [1,0,0,0,1,0,0,0,0,0,0,0,1,0,0,0,1,0,0,0,0,0,1,0]  - Meter: [6,4] 
142. Distance: 0.089  - Pattern: [1,0,0,0,0,0,0,0,0,0,0,0,1,0,0,0,1,0,0,0,1,0,1,0]  - Meter: [6,4] 
143. Distance: 0.089  - Pattern: [1,0,0,0,0,0,1,0,0,0,0,0,1,0,0,0,1,0,0,0,1,0,0,0]  - Meter: [6,4] 
144. Distance: 0.089  - Pattern: [1,0,0,0,0,0,0,0,0,0,1,0,1,0,0,0,1,0,0,0,1,0,0,0]  - Meter: [6,4] 
145. Distance: 0.090  - Pattern: [1,0,0,0,0,0,0,0,0,0,1,0,1,0,0,0,0,0,1,0,1,0,0,0]  - Meter: [12,8] 
146. Distance: 0.090  - Pattern: [1,0,0,0,0,0,0,0,1,0,0,0,1,0,0,1,0,0,1,0]  - Meter: [5,4] 
147. Distance: 0.090  - Pattern: [0,0,0,0,1,0,0,0,1,0,1,0,1,0,0,0,1,0,0,0,0,0,0,0]  - Meter: [6,4] 
148. Distance: 0.090  - Pattern: [1,0,0,0,1,0,0,0,1,0,0,0,1,0,0,0,0,0,1,0,0,0,0,0]  - Meter: [6,4] 
149. Distance: 0.090  - Pattern: [1,0,0,0,0,0,0,0,1,0,0,0,1,0,0,0,0,0,1,0,1,0,0,0]  - Meter: [6,4] 
150. Distance: 0.092  - Pattern: [1,0,0,0,0,0,1,0,0,0,0,0,1,0,0,0,0,0,0,0,0,1,1,0]  - Meter: [12,8] 
151. Distance: 0.093  - Pattern: [1,0,0,0,0,0,1,0,0,0,0,0,1,0,0,0,0,0,1,0,0,0,1,0]  - Meter: [12,8] 
152. Distance: 0.093  - Pattern: [1,0,0,0,0,0,1,0,0,0,1,0,1,0,0,0,1,0,0,0,0,0,0,0]  - Meter: [12,8] 
153. Distance: 0.093  - Pattern: [1,0,0,0,0,0,0,0,0,0,0,0,1,0,0,0,1,0,1,0,0,0,1,0]  - Meter: [12,8] 
154. Distance: 0.093  - Pattern: [1,0,0,0,0,0,0,0,0,0,0,0,1,0,1,0,1,0,1,0,0,0,0,0]  - Meter: [12,8] 
155. Distance: 0.093  - Pattern: [1,0,0,0,0,0,0,0,0,0,1,0,1,0,0,0,0,0,0,0,1,0,1,0]  - Meter: [6,4] 
156. Distance: 0.093  - Pattern: [1,0,0,0,0,0,1,0,1,0,0,0,1,0,0,0,0,0,1,0,0,0,0,0]  - Meter: [12,8] 
157. Distance: 0.093  - Pattern: [1,0,0,0,0,0,1,0,0,0,1,0,1,0,0,0,0,0,1,0,0,0,0,0]  - Meter: [12,8] 
158. Distance: 0.093  - Pattern: [1,0,0,0,0,0,1,0,0,0,0,0,1,0,1,0,0,0,1,0,0,0,0,0]  - Meter: [12,8] 
159. Distance: 0.093  - Pattern: [1,0,0,0,1,0,1,0,0,0,0,0,1,0,0,0,0,0,1,0,0,0,0,0]  - Meter: [12,8] 
160. Distance: 0.093  - Pattern: [1,0,0,0,1,0,1,0,0,0,1,0,0,0,0,0,0,0,1,0,0,0,0,0]  - Meter: [12,8] 
161. Distance: 0.093  - Pattern: [1,0,0,0,0,0,0,0,0,0,0,0,1,0,0,0,0,0,1,0,1,0,1,0]  - Meter: [6,4] 
162. Distance: 0.093  - Pattern: [1,0,0,0,0,0,1,0,0,0,0,0,1,0,0,0,0,0,1,0,1,0,0,0]  - Meter: [12,8] 
163. Distance: 0.094  - Pattern: [1,0,0,0,1,0,0,0,0,0,0,0,1,0,1,0,0,0,1,0,0,0,0,0]  - Meter: [12,8] 
164. Distance: 0.096  - Pattern: [1,0,0,0,0,0,1,0,0,0,0,0,1,0,0,0,0,0,1,0,0,0,0,1]  - Meter: [12,8] 
165. Distance: 0.098  - Pattern: [1,0,0,0,0,0,0,0,0,0,0,0,1,0,0,0,1,0,0,0,1,0,0,0,1,0,0,0]  - Meter: [7,4] 
166. Distance: 0.098  - Pattern: [1,0,0,0,0,0,0,0,1,0,0,0,0,0,0,0,1,0,0,0,1,0,0,0,1,0,0,0]  - Meter: [7,4] 
167. Distance: 0.098  - Pattern: [1,0,0,0,1,0,0,0,0,0,0,0,1,0,0,0,1,0,0,0,0,0,0,0,1,0,0,0]  - Meter: [7,4] 
168. Distance: 0.098  - Pattern: [1,0,0,0,0,0,0,0,1,0,0,0,1,0,0,0,1,0,0,0,0,0,0,0,1,0,0,0]  - Meter: [7,4] 
169. Distance: 0.100  - Pattern: [0,0,0,0,1,0,0,0,1,0,0,0,0,0,0,0,0,0,1,0,1,0,0,0,1,0,0,0]  - Meter: [7,4] 
170. Distance: 0.101  - Pattern: [1,0,0,0,0,0,0,0,1,0,1,0,1,0,0,0,1,0,0,0,0,0,0,0,0,0,0,0]  - Meter: [7,4] 
171. Distance: 0.101  - Pattern: [1,0,0,0,1,0,0,0,1,0,1,0,0,0,0,0,0,0,0,0,0,0,0,0,1,0,0,0]  - Meter: [7,4] 
172. Distance: 0.101  - Pattern: [1,0,0,0,0,0,0,0,0,0,0,0,0,0,1,0,1,0,0,0,1,0,0,0,1,0,0,0]  - Meter: [7,4] 
173. Distance: 0.102  - Pattern: [0,0,0,0,0,0,0,0,1,0,1,0,1,0,0,0,1,0,0,0,1,0,0,0,0,0,0,0]  - Meter: [7,4] 
174. Distance: 0.102  - Pattern: [0,0,0,0,1,0,1,0,1,0,0,0,1,0,0,0,1,0,0,0,0,0,0,0,0,0,0,0]  - Meter: [7,4] 
175. Distance: 0.102  - Pattern: [1,0,0,0,0,0,0,0,1,0,1,0,0,0,0,0,1,0,0,0,0,0,0,0,1,0,0,0]  - Meter: [7,4] 
176. Distance: 0.102  - Pattern: [1,0,0,0,1,0,0,0,1,0,0,0,1,0,0,0,0,0,0,0,0,0,0,0,0,0,1,0]  - Meter: [7,4] 
177. Distance: 0.102  - Pattern: [1,0,0,0,0,0,0,0,1,0,0,0,1,0,0,0,0,0,0,0,0,0,0,0,1,0,1,0]  - Meter: [7,4] 
178. Distance: 0.102  - Pattern: [1,0,0,0,1,0,1,0,1,0,0,0,1,0,0,0,0,0,0,0,0,0,0,0,0,0,0,0]  - Meter: [7,4] 
179. Distance: 0.103  - Pattern: [1,0,0,0,1,0,0,0,1,0,1,0,0,0,0,0,0,0,0,0,0,0,0,0,0,0,1,0]  - Meter: [7,4] 
180. Distance: 0.112  - Pattern: [1,0,0,0,1,0,0,0,0,0,0,0,0,0,0,0,0,0,0,0,1,0,0,0,0,0,0,0,1,0,0,0,1,0,0,0]  - Meter: [9,4] 
181. Distance: 0.113  - Pattern: [1,0,0,0,0,0,0,0,1,0,0,0,0,0,0,0,1,0,0,0,0,0,0,0,1,0,0,0,0,0,0,0,1,0,0,0]  - Meter: [9,4] 
182. Distance: 0.113  - Pattern: [1,0,0,0,0,0,0,0,1,0,0,0,1,0,0,0,1,0,0,0,0,0,0,0,1,0,0,0,0,0,0,0,0,0,0,0]  - Meter: [9,4] 
183. Distance: 0.113  - Pattern: [1,0,0,0,0,0,0,0,0,0,0,0,1,0,0,0,0,0,0,0,1,0,0,0,1,0,0,0,1,0,0,0,0,0,0,0]  - Meter: [9,4] 
184. Distance: 0.113  - Pattern: [1,0,0,0,1,0,0,0,0,0,0,0,1,0,0,0,1,0,0,0,0,0,0,0,1,0,0,0,0,0,0,0,0,0,0,0]  - Meter: [9,4] 
185. Distance: 0.113  - Pattern: [1,0,0,0,0,0,0,0,1,0,0,0,1,0,0,0,0,0,0,0,0,0,0,0,1,0,0,0,0,0,0,0,1,0,0,0]  - Meter: [9,4] 
186. Distance: 0.113  - Pattern: [1,0,0,0,0,0,0,0,1,0,0,0,0,0,0,0,0,0,0,0,1,0,0,0,1,0,0,0,0,0,0,0,1,0,0,0]  - Meter: [9,4] 
187. Distance: 0.114  - Pattern: [1,0,0,0,0,0,0,0,1,0,0,0,1,0,0,0,0,0,0,0,0,0,0,0,1,0,0,0,1,0,0,0,0,0,0,0,0,0,0,0,0,0,0,0,0,0,0,0]  - Meter: [12,4] 
188. Distance: 0.114  - Pattern: [1,0,0,0,0,0,0,0,0,0,0,0,0,0,0,0,0,0,0,0,1,0,0,0,1,0,0,0,0,0,0,0,1,0,0,0,1,0,0,0,0,0,0,0,0,0,0,0]  - Meter: [12,4] 
189. Distance: 0.114  - Pattern: [1,0,0,0,0,0,0,0,0,0,1,0,1,0,0,0,0,0,0,0,1,0,0,0,0,0,0,0,0,0,0,0,1,0,0,0]  - Meter: [9,4] 
190. Distance: 0.115  - Pattern: [1,0,0,0,0,0,0,0,0,0,0,0,1,0,1,0,0,0,0,0,0,0,0,0,1,0,0,0,1,0,0,0,0,0,0,0]  - Meter: [9,4] 
191. Distance: 0.115  - Pattern: [0,0,1,0,0,0,0,0,1,0,0,0,1,0,0,0,0,0,0,0,0,0,0,0,1,0,0,0,0,0,0,0,1,0,0,0]  - Meter: [9,4] 
192. Distance: 0.115  - Pattern: [1,0,0,0,0,0,0,0,0,0,0,0,1,0,0,0,0,0,0,0,0,0,0,0,1,0,0,0,0,0,0,0,1,0,1,0]  - Meter: [9,4] 
193. Distance: 0.116  - Pattern: [1,0,0,0,0,0,0,0,0,0,1,0,1,0,0,0,0,0,0,0,1,0,0,0,1,0,0,0,0,0,0,0,0,0,0,0]  - Meter: [9,4] 
194. Distance: 0.116  - Pattern: [1,0,0,0,0,0,0,0,0,0,0,0,1,0,0,0,0,0,0,0,0,0,0,0,1,0,0,0,0,0,1,0,1,0,0,0]  - Meter: [9,4] 
195. Distance: 0.116  - Pattern: [1,0,0,0,0,0,0,0,1,0,0,0,0,0,0,0,0,0,0,0,1,0,1,0,1,0,0,0,0,0,0,0,0,0,0,0]  - Meter: [9,4] 
196. Distance: 0.117  - Pattern: [1,0,0,0,0,0,0,0,0,0,1,0,0,0,0,0,0,0,0,0,0,0,0,0,1,0,0,0,0,0,0,0,1,0,0,0,1,0,0,0,0,0,0,0,0,0,0,0]  - Meter: [12,4] 
197. Distance: 0.118  - Pattern: [0,0,0,0,0,0,0,0,0,0,0,0,1,0,0,0,0,0,1,0,0,0,1,0,1,0,0,0,0,0,0,0,1,0,0,0]  - Meter: [9,4] 
198. Distance: 0.118  - Pattern: [1,0,0,0,0,0,0,0,1,0,0,0,0,0,0,0,0,0,0,0,1,0,0,0,1,0,0,0,0,0,0,0,0,0,1,0,0,0,0,0,0,0,0,0,0,0,0,0]  - Meter: [12,4] 
199. Distance: 0.121  - Pattern: [1,0,0,0,0,0,0,0,1,0,0,0,1,0,0,0,1,0,0,0,0,0,0,0,1,0,0,0,0,0,0,0,0,0,0,0,0,0,0,0,0,0,0,0,0,0,0,0]  - Meter: [12,4] 
200. Distance: 0.121  - Pattern: [1,0,0,0,0,0,0,0,1,0,0,0,1,0,0,0,0,0,0,0,0,0,0,0,1,0,0,0,0,0,0,0,1,0,0,0,0,0,0,0,0,0,0,0,0,0,0,0]  - Meter: [12,4] 
201. Distance: 0.126  - Pattern: [1,0,0,0,0,0,0,0,1,0,0,0,0,0,0,0,0,0,0,0,0,0,0,0,1,0,0,0,0,0,0,0,0,0,0,0,1,0,0,0,0,0,0,0,1,0,0,0]  - Meter: [12,4] 
202. Distance: 0.126  - Pattern: [1,0,0,0,0,0,0,0,0,0,0,0,1,0,0,0,0,0,0,0,0,0,0,0,1,0,0,0,0,0,0,0,1,0,0,0,1,0,0,0,0,0,0,0,0,0,0,0]  - Meter: [12,4] 
203. Distance: 0.126  - Pattern: [1,0,0,0,1,0,0,0,0,0,0,0,1,0,0,0,0,0,0,0,0,0,0,0,1,0,0,0,0,0,0,0,1,0,0,0,0,0,0,0,0,0,0,0,0,0,0,0]  - Meter: [12,4] 
204. Distance: 0.126  - Pattern: [1,0,0,0,0,0,0,0,1,0,0,0,1,0,0,0,0,0,0,0,1,0,0,0,1,0,0,0,0,0,0,0,0,0,0,0,0,0,0,0,0,0,0,0,0,0,0,0]  - Meter: [12,4] 
205. Distance: 0.126  - Pattern: [1,0,0,0,0,0,0,0,0,0,0,0,1,0,0,0,0,0,0,0,1,0,0,0,1,0,0,0,0,0,0,0,0,0,0,0,1,0,0,0,0,0,0,0,0,0,0,0]  - Meter: [12,4] 
206. Distance: 0.126  - Pattern: [1,0,0,0,0,0,0,0,0,0,0,0,1,0,0,0,0,0,0,0,0,0,0,0,1,0,0,0,0,0,0,0,0,0,0,0,1,0,0,0,0,0,0,0,1,0,0,0]  - Meter: [12,4] 
207. Distance: 0.126  - Pattern: [1,0,0,0,0,0,0,0,0,0,0,0,1,0,0,0,0,0,0,0,0,0,0,0,1,0,0,0,1,0,0,0,0,0,0,0,1,0,0,0,0,0,0,0,0,0,0,0]  - Meter: [12,4] 
208. Distance: 0.126  - Pattern: [1,0,0,0,0,0,0,0,1,0,0,0,1,0,0,0,0,0,0,0,0,0,0,0,1,0,0,0,0,0,0,0,0,0,0,0,1,0,0,0,0,0,0,0,0,0,0,0]  - Meter: [12,4] 
209. Distance: 0.126  - Pattern: [1,0,0,0,0,0,0,0,0,0,0,0,0,0,0,0,0,0,0,0,0,0,0,0,1,0,0,0,1,0,0,0,0,0,0,0,1,0,0,0,0,0,0,0,1,0,0,0]  - Meter: [12,4] 
