Index - Distance - Pattern - Meter
0. - 0.029  - [1,0,0,1,0,0,1,0,1,0,0,0,1,0,0,0]  - [4,4] 
1. - 0.034  - [1,0,1,1,0,0,0,0,1,0,0,0,1,0,0,0]  - [4,4] 
2. - 0.034  - [1,0,1,0,0,0,0,0,1,0,0,1,1,0,0,0]  - [4,4] 
3. - 0.034  - [1,0,0,0,0,0,1,0,1,0,0,0,1,1,0,0]  - [4,4] 
4. - 0.037  - [1,0,1,0,0,0,1,0,1,0,0,0,1,0,0,0]  - [2,2] 
5. - 0.037  - [1,0,1,0,0,0,1,0,1,0,0,0,1,0,0,0]  - [4,4] 
6. - 0.037  - [0,0,1,0,1,0,0,0,1,0,0,0,1,0,1,0]  - [2,2] 
7. - 0.037  - [1,0,0,0,1,0,0,0,1,0,1,0,0,0,1,0]  - [2,2] 
8. - 0.037  - [1,0,0,0,1,0,1,0,0,0,1,0,0,0,1,0]  - [2,2] 
9. - 0.040  - [1,0,0,0,0,0,1,0,1,0,1,0,1,0,0,0]  - [2,2] 
10. - 0.040  - [1,0,1,0,0,0,0,0,1,0,0,0,1,0,1,0]  - [2,2] 
11. - 0.040  - [1,0,1,0,0,0,0,0,1,0,0,0,1,0,1,0]  - [4,4] 
12. - 0.044  - [1,0,0,0,0,0,0,0,1,0,1,0,1,0,0,1]  - [2,2] 
13. - 0.047  - [1,0,0,0,0,0,1,0,1,0,0,1,1,0,0,0]  - [2,2] 
14. - 0.047  - [1,0,0,0,0,0,1,1,1,0,0,0,1,0,0,0]  - [2,2] 
15. - 0.050  - [1,0,0,0,1,0,1,0,0,0,0,0,1,0,1,0]  - [4,4] 
16. - 0.050  - [1,0,0,0,1,0,1,0,1,0,0,0,0,0,1,0]  - [4,4] 
17. - 0.052  - [1,0,0,0,1,0,0,0,1,0,1,0,1,0,0,0]  - [2,2] 
18. - 0.052  - [1,0,1,0,1,0,0,0,1,0,0,0,1,0,0,0]  - [2,2] 
19. - 0.052  - [1,0,0,0,1,0,0,0,1,0,1,0,1,0,0,0]  - [4,4] 
20. - 0.052  - [1,0,1,0,1,0,0,0,1,0,0,0,1,0,0,0]  - [4,4] 
21. - 0.052  - [1,0,0,0,1,0,0,0,1,0,0,0,1,0,1,0]  - [2,2] 
22. - 0.052  - [1,0,0,0,1,0,0,0,1,0,0,0,1,0,1,0]  - [4,4] 
23. - 0.052  - [1,0,0,0,1,0,1,0,1,0,0,0,1,0,0,0]  - [2,2] 
24. - 0.052  - [1,0,0,0,1,0,1,0,1,0,0,0,1,0,0,0]  - [4,4] 
25. - 0.054  - [1,0,0,0,1,0,0,0,1,0,0,0,1,0,0,1]  - [2,2] 
26. - 0.054  - [1,0,0,0,1,0,0,0,1,0,0,1,1,0,0,0]  - [4,4] 
27. - 0.054  - [1,0,0,0,1,1,0,0,1,0,0,0,1,0,0,0]  - [4,4] 
28. - 0.056  - [1,1,1,0,1,0,1,0]  - [2,4] 
29. - 0.056  - [1,0,1,0,1,1,1,0]  - [2,4] 
30. - 0.056  - [1,0,1,0,1,0,1,1]  - [2,4] 
31. - 0.056  - [1,0,1,1,1,0,1,0]  - [2,4] 
32. - 0.058  - [1,0,0,0,0,0,0,0,1,0,1,0,1,0,1,0]  - [2,2] 
33. - 0.058  - [1,0,0,0,0,0,0,0,1,0,1,0,1,0,1,0]  - [4,4] 
34. - 0.063  - [1,1,1,0,1,0,0,1]  - [2,4] 
35. - 0.063  - [1,0,0,1,1,1,1,0]  - [2,4] 
36. - 0.063  - [1,1,0,0,1,0,1,1]  - [2,4] 
37. - 0.063  - [1,0,1,1,1,1,0,0]  - [2,4] 
38. - 0.063  - [0,0,1,1,1,1,0,1]  - [2,4] 
39. - 0.063  - [1,1,0,1,1,0,0,1]  - [2,4] 
40. - 0.063  - [1,0,0,1,1,0,1,1]  - [2,4] 
41. - 0.063  - [1,1,0,0,1,1,1,0]  - [2,4] 
42. - 0.063  - [1,0,1,1,1,0,0,1]  - [2,4] 
43. - 0.064  - [1,1,0,1,1,0,1,0]  - [2,4] 
44. - 0.064  - [1,0,0,0,1,1,1,1]  - [2,4] 
45. - 0.065  - [1,0,1,0,1,0,1,0,1,0]  - [5,8] 
46. - 0.068  - [1,0,1,0,1,0,1,0,0,0,1,0]  - [3,4] 
47. - 0.068  - [1,0,0,0,1,0,1,0,1,0,1,0]  - [3,4] 
48. - 0.068  - [1,0,1,0,1,0,1,0,0,0,1,0]  - [6,8] 
49. - 0.068  - [1,0,0,0,1,0,1,0,1,0,1,0]  - [6,8] 
50. - 0.068  - [1,0,1,0,0,0,1,0,1,1]  - [5,8] 
51. - 0.068  - [1,0,1,0,1,0,0,0,1,0,1,0]  - [3,4] 
52. - 0.068  - [1,0,1,0,0,0,1,0,1,0,1,0]  - [3,4] 
53. - 0.068  - [1,0,1,0,0,0,1,0,1,0,1,0]  - [6,8] 
54. - 0.068  - [1,0,1,0,1,0,0,0,1,0,1,0]  - [6,8] 
55. - 0.068  - [0,0,1,0,1,0,1,0,1,0,1,0]  - [6,8] 
56. - 0.069  - [1,0,1,0,1,0,1,0,0,1]  - [5,8] 
57. - 0.069  - [1,0,1,0,1,0,1,1,0,0]  - [5,8] 
58. - 0.069  - [1,0,0,0,1,0,1,0,1,1]  - [5,8] 
59. - 0.069  - [1,0,0,1,1,0,1,0,1,0]  - [5,8] 
60. - 0.069  - [1,0,1,0,0,0,1,1,1,0]  - [5,8] 
61. - 0.069  - [1,1,1,0,1,0,1,0,0,0]  - [5,8] 
62. - 0.070  - [1,0,1,0,0,0,1,0,0,1,1,0]  - [6,8] 
63. - 0.070  - [1,1,0,0,1,0,0,0,1,0,1,0]  - [3,4] 
64. - 0.070  - [1,0,1,0,1,0,0,0,1,0,0,1]  - [3,4] 
65. - 0.070  - [1,0,0,0,1,0,0,1,1,0,1,0]  - [3,4] 
66. - 0.070  - [1,1,0,0,1,0,1,0,1,0,0,0]  - [3,4] 
67. - 0.070  - [1,0,0,0,1,0,1,0,1,0,0,1]  - [3,4] 
68. - 0.070  - [1,0,0,0,1,1,0,0,1,0,1,0]  - [3,4] 
69. - 0.070  - [1,0,0,0,1,0,1,1,1,0,0,0]  - [3,4] 
70. - 0.072  - [1,0,0,0,1,0,1,0,0,1,1,0]  - [6,8] 
71. - 0.072  - [1,0,0,0,1,0,1,1,0,0,1,0]  - [3,4] 
72. - 0.072  - [0,0,0,1,1,0,1,0,1,0,1,0]  - [3,4] 
73. - 0.073  - [1,0,0,0,1,1,1,0,0,0,1,0]  - [6,8] 
74. - 0.073  - [1,0,1,1,1,0,1,0,0,0,0,0]  - [6,8] 
75. - 0.073  - [1,1,1,0,1,0,0,0,0,0,1,0]  - [6,8] 
76. - 0.073  - [1,0,1,1,0,0,1,0,1,0,0,0]  - [6,8] 
77. - 0.073  - [1,0,0,0,0,0,1,1,1,0,1,0]  - [6,8] 
78. - 0.076  - [1,0,0,1,1,0,0,1,1,0,0,0]  - [3,4] 
79. - 0.076  - [1,0,1,0,1,0,1,0,1,0,0,0,0,0]  - [7,8] 
80. - 0.076  - [1,0,0,0,1,0,0,0,1,0,1,0,1,0]  - [7,8] 
81. - 0.076  - [1,0,1,0,1,0,0,0,1,0,0,0,1,0]  - [7,8] 
82. - 0.076  - [1,0,0,0,1,0,1,0,1,0,0,0,1,0]  - [7,8] 
83. - 0.077  - [1,0,0,0,1,1,0,0,1,0,0,1]  - [6,8] 
84. - 0.077  - [0,1,0,1,1,0,0,1,1,0]  - [5,8] 
85. - 0.077  - [0,0,1,1,1,0,1,0,0,1]  - [5,8] 
86. - 0.077  - [1,0,1,1,1,0,0,0,0,1]  - [5,8] 
87. - 0.077  - [1,1,0,0,1,1,0,0,1,0]  - [5,8] 
88. - 0.077  - [1,0,0,0,1,0,0,1,1,1]  - [5,8] 
89. - 0.077  - [0,0,1,0,1,0,1,1,0,1]  - [5,8] 
90. - 0.078  - [0,0,0,0,1,1,1,1,0,1]  - [5,8] 
91. - 0.079  - [0,0,0,1,0,0,1,0,1,0,1,0,1,0]  - [7,8] 
92. - 0.079  - [0,0,1,0,0,0,1,0,1,0,0,0,1,1]  - [7,8] 
93. - 0.079  - [0,0,1,0,1,0,1,0,0,0,0,1,1,0]  - [7,8] 
94. - 0.080  - [1,0,0,0,1,0,0,0,1,0,1,1,0,0]  - [7,8] 
95. - 0.080  - [1,0,1,0,1,0,0,0,0,0,0,0,1,1]  - [7,8] 
96. - 0.080  - [1,0,0,0,0,0,0,0,1,0,1,0,1,1]  - [7,8] 
97. - 0.080  - [1,0,0,0,1,0,1,1,1,0,0,0,0,0]  - [7,8] 
98. - 0.080  - [1,0,1,1,1,0,0,0,0,0,0,0,1,0]  - [7,8] 
99. - 0.080  - [1,0,0,0,0,0,1,0,0,0,1,1,1,0]  - [7,8] 
100. - 0.080  - [1,0,0,0,1,1,0,0,1,0,0,0,1,0]  - [7,8] 
101. - 0.080  - [1,0,0,0,1,0,0,0,1,0,0,1,1,0]  - [7,8] 
102. - 0.080  - [0,0,1,0,1,1,1,0,0,0,0,1]  - [6,8] 
103. - 0.081  - [1,0,0,0,0,1,0,0,1,0,1,1]  - [6,8] 
104. - 0.081  - [1,0,0,0,0,0,0,1,1,1,1,0]  - [3,4] 
105. - 0.081  - [1,0,0,0,1,0,0,0,1,0,0,0,1,0,0,0,1,0,0,0]  - [5,4] 
106. - 0.084  - [1,0,0,0,1,0,1,0,0,0,0,0,1,0,0,0,1,0,0,0]  - [5,4] 
107. - 0.085  - [1,0,0,0,0,0,1,0,1,0,0,0,1,0,0,0,1,0,0,0]  - [5,4] 
108. - 0.085  - [1,0,0,0,0,0,1,0,0,0,1,0,1,0,0,0,1,0]  - [9,8] 
109. - 0.085  - [1,0,0,0,0,0,0,0,1,0,0,0,1,0,0,0,1,0,1,0]  - [5,4] 
110. - 0.085  - [1,0,0,0,1,0,1,0,1,0,0,0,0,0,0,0,1,0,0,0]  - [5,4] 
111. - 0.085  - [1,0,1,0,0,0,0,0,0,0,1,0,1,0,0,0,1,0]  - [9,8] 
112. - 0.085  - [1,0,0,0,0,0,1,0,0,0,0,0,1,0,1,0,1,0]  - [9,8] 
113. - 0.085  - [1,0,0,0,1,0,0,0,0,0,0,0,1,0,1,0,1,0,0,0]  - [5,4] 
114. - 0.085  - [1,0,0,0,1,0,0,0,0,0,0,0,1,0,1,0,1,0]  - [9,8] 
115. - 0.085  - [1,0,0,0,1,0,0,0,1,0,0,0,0,0,0,0,1,0,1,0]  - [5,4] 
116. - 0.085  - [1,0,0,0,0,0,0,0,1,0,0,0,1,0,1,0,1,0,0,0]  - [5,4] 
117. - 0.085  - [1,0,0,0,0,0,1,0,0,0,1,0,1,0,1,0,0,0]  - [9,8] 
118. - 0.085  - [1,0,0,0,0,0,1,0,1,0,1,0,1,0,0,0,0,0]  - [9,8] 
119. - 0.085  - [0,0,1,0,1,0,0,0,0,0,1,0,0,0,1,0,1,0]  - [9,8] 
120. - 0.085  - [0,0,0,0,0,0,1,0,0,0,1,0,1,0,1,0,1,0]  - [9,8] 
121. - 0.085  - [1,0,0,0,1,0,0,0,1,0,0,0,1,0,0,0,0,0,1,0]  - [5,4] 
122. - 0.085  - [1,0,0,0,0,0,1,0,1,0,0,0,1,0,0,0,1,0]  - [9,8] 
123. - 0.085  - [1,0,0,0,0,0,1,0,1,0,1,0,0,0,0,0,1,0]  - [9,8] 
124. - 0.085  - [1,0,1,0,0,0,1,0,0,0,1,0,1,0,0,0,0,0]  - [9,8] 
125. - 0.085  - [1,0,0,0,1,0,1,0,0,0,1,0,0,0,1,0,0,0]  - [9,8] 
126. - 0.085  - [1,0,0,0,1,0,1,0,0,0,1,0,1,0,0,0,0,0]  - [9,8] 
127. - 0.085  - [1,0,0,0,0,0,1,0,1,0,0,0,1,0,0,0,1,0,0,0,0,0,0,0]  - [6,4] 
128. - 0.086  - [1,0,0,0,1,0,0,0,0,0,0,0,1,0,0,0,0,0,0,0,1,0,1,0]  - [6,4] 
129. - 0.086  - [1,0,0,0,1,0,1,0,0,0,0,0,1,0,1,0,0,0]  - [9,8] 
130. - 0.086  - [1,0,0,0,1,0,0,0,1,0,1,0,1,0,0,0,0,0]  - [9,8] 
131. - 0.086  - [1,0,0,0,1,0,0,0,1,0,0,0,0,0,0,0,1,0,0,0,1,0,0,0]  - [6,4] 
132. - 0.086  - [1,0,0,0,1,0,0,0,0,0,0,0,1,0,0,0,1,0,0,0,1,0,0,0]  - [6,4] 
133. - 0.087  - [1,0,0,0,0,0,0,0,1,0,0,0,1,0,0,0,1,0,0,0,1,0,0,0]  - [6,4] 
134. - 0.087  - [1,0,0,0,1,0,0,0,1,0,0,0,1,0,0,0,0,0,0,0,1,0,0,0]  - [6,4] 
135. - 0.088  - [1,0,0,0,1,0,1,0,0,0,0,0,0,0,0,0,1,0,1,0]  - [5,4] 
136. - 0.088  - [0,0,0,0,1,0,0,0,1,0,0,0,0,0,1,0,1,0,1,0]  - [5,4] 
137. - 0.088  - [1,0,0,0,1,0,0,0,1,0,0,0,0,0,1,0,0,0,1,0]  - [5,4] 
138. - 0.089  - [1,0,0,0,0,0,0,0,1,0,0,0,0,0,1,0,1,0,1,0]  - [5,4] 
139. - 0.089  - [0,0,0,0,1,0,0,0,0,0,1,0,1,0,0,0,1,0,1,0]  - [5,4] 
140. - 0.089  - [1,0,0,0,0,0,0,0,0,0,1,0,1,0,0,0,1,0,1,0,0,0,0,0]  - [12,8] 
141. - 0.089  - [1,0,0,0,1,0,0,0,0,0,0,0,1,0,0,0,1,0,0,0,0,0,1,0]  - [6,4] 
142. - 0.089  - [1,0,0,0,0,0,0,0,0,0,0,0,1,0,0,0,1,0,0,0,1,0,1,0]  - [6,4] 
143. - 0.089  - [1,0,0,0,0,0,1,0,0,0,0,0,1,0,0,0,1,0,0,0,1,0,0,0]  - [6,4] 
144. - 0.089  - [1,0,0,0,0,0,0,0,0,0,1,0,1,0,0,0,1,0,0,0,1,0,0,0]  - [6,4] 
145. - 0.090  - [1,0,0,0,0,0,0,0,0,0,1,0,1,0,0,0,0,0,1,0,1,0,0,0]  - [12,8] 
146. - 0.090  - [1,0,0,0,0,0,0,0,1,0,0,0,1,0,0,1,0,0,1,0]  - [5,4] 
147. - 0.090  - [0,0,0,0,1,0,0,0,1,0,1,0,1,0,0,0,1,0,0,0,0,0,0,0]  - [6,4] 
148. - 0.090  - [1,0,0,0,1,0,0,0,1,0,0,0,1,0,0,0,0,0,1,0,0,0,0,0]  - [6,4] 
149. - 0.090  - [1,0,0,0,0,0,0,0,1,0,0,0,1,0,0,0,0,0,1,0,1,0,0,0]  - [6,4] 
150. - 0.092  - [1,0,0,0,0,0,1,0,0,0,0,0,1,0,0,0,0,0,0,0,0,1,1,0]  - [12,8] 
151. - 0.093  - [1,0,0,0,0,0,1,0,0,0,0,0,1,0,0,0,0,0,1,0,0,0,1,0]  - [12,8] 
152. - 0.093  - [1,0,0,0,0,0,1,0,0,0,1,0,1,0,0,0,1,0,0,0,0,0,0,0]  - [12,8] 
153. - 0.093  - [1,0,0,0,0,0,0,0,0,0,0,0,1,0,0,0,1,0,1,0,0,0,1,0]  - [12,8] 
154. - 0.093  - [1,0,0,0,0,0,0,0,0,0,0,0,1,0,1,0,1,0,1,0,0,0,0,0]  - [12,8] 
155. - 0.093  - [1,0,0,0,0,0,0,0,0,0,1,0,1,0,0,0,0,0,0,0,1,0,1,0]  - [6,4] 
156. - 0.093  - [1,0,0,0,0,0,1,0,1,0,0,0,1,0,0,0,0,0,1,0,0,0,0,0]  - [12,8] 
157. - 0.093  - [1,0,0,0,0,0,1,0,0,0,1,0,1,0,0,0,0,0,1,0,0,0,0,0]  - [12,8] 
158. - 0.093  - [1,0,0,0,0,0,1,0,0,0,0,0,1,0,1,0,0,0,1,0,0,0,0,0]  - [12,8] 
159. - 0.093  - [1,0,0,0,1,0,1,0,0,0,0,0,1,0,0,0,0,0,1,0,0,0,0,0]  - [12,8] 
160. - 0.093  - [1,0,0,0,1,0,1,0,0,0,1,0,0,0,0,0,0,0,1,0,0,0,0,0]  - [12,8] 
161. - 0.093  - [1,0,0,0,0,0,0,0,0,0,0,0,1,0,0,0,0,0,1,0,1,0,1,0]  - [6,4] 
162. - 0.093  - [1,0,0,0,0,0,1,0,0,0,0,0,1,0,0,0,0,0,1,0,1,0,0,0]  - [12,8] 
163. - 0.094  - [1,0,0,0,1,0,0,0,0,0,0,0,1,0,1,0,0,0,1,0,0,0,0,0]  - [12,8] 
164. - 0.096  - [1,0,0,0,0,0,1,0,0,0,0,0,1,0,0,0,0,0,1,0,0,0,0,1]  - [12,8] 
165. - 0.098  - [1,0,0,0,0,0,0,0,0,0,0,0,1,0,0,0,1,0,0,0,1,0,0,0,1,0,0,0]  - [7,4] 
166. - 0.098  - [1,0,0,0,0,0,0,0,1,0,0,0,0,0,0,0,1,0,0,0,1,0,0,0,1,0,0,0]  - [7,4] 
167. - 0.098  - [1,0,0,0,1,0,0,0,0,0,0,0,1,0,0,0,1,0,0,0,0,0,0,0,1,0,0,0]  - [7,4] 
168. - 0.098  - [1,0,0,0,0,0,0,0,1,0,0,0,1,0,0,0,1,0,0,0,0,0,0,0,1,0,0,0]  - [7,4] 
169. - 0.100  - [0,0,0,0,1,0,0,0,1,0,0,0,0,0,0,0,0,0,1,0,1,0,0,0,1,0,0,0]  - [7,4] 
170. - 0.101  - [1,0,0,0,0,0,0,0,1,0,1,0,1,0,0,0,1,0,0,0,0,0,0,0,0,0,0,0]  - [7,4] 
171. - 0.101  - [1,0,0,0,1,0,0,0,1,0,1,0,0,0,0,0,0,0,0,0,0,0,0,0,1,0,0,0]  - [7,4] 
172. - 0.101  - [1,0,0,0,0,0,0,0,0,0,0,0,0,0,1,0,1,0,0,0,1,0,0,0,1,0,0,0]  - [7,4] 
173. - 0.102  - [0,0,0,0,0,0,0,0,1,0,1,0,1,0,0,0,1,0,0,0,1,0,0,0,0,0,0,0]  - [7,4] 
174. - 0.102  - [0,0,0,0,1,0,1,0,1,0,0,0,1,0,0,0,1,0,0,0,0,0,0,0,0,0,0,0]  - [7,4] 
175. - 0.102  - [1,0,0,0,0,0,0,0,1,0,1,0,0,0,0,0,1,0,0,0,0,0,0,0,1,0,0,0]  - [7,4] 
176. - 0.102  - [1,0,0,0,1,0,0,0,1,0,0,0,1,0,0,0,0,0,0,0,0,0,0,0,0,0,1,0]  - [7,4] 
177. - 0.102  - [1,0,0,0,0,0,0,0,1,0,0,0,1,0,0,0,0,0,0,0,0,0,0,0,1,0,1,0]  - [7,4] 
178. - 0.102  - [1,0,0,0,1,0,1,0,1,0,0,0,1,0,0,0,0,0,0,0,0,0,0,0,0,0,0,0]  - [7,4] 
179. - 0.103  - [1,0,0,0,1,0,0,0,1,0,1,0,0,0,0,0,0,0,0,0,0,0,0,0,0,0,1,0]  - [7,4] 
180. - 0.112  - [1,0,0,0,1,0,0,0,0,0,0,0,0,0,0,0,0,0,0,0,1,0,0,0,0,0,0,0,1,0,0,0,1,0,0,0]  - [9,4] 
181. - 0.113  - [1,0,0,0,0,0,0,0,1,0,0,0,0,0,0,0,1,0,0,0,0,0,0,0,1,0,0,0,0,0,0,0,1,0,0,0]  - [9,4] 
182. - 0.113  - [1,0,0,0,0,0,0,0,1,0,0,0,1,0,0,0,1,0,0,0,0,0,0,0,1,0,0,0,0,0,0,0,0,0,0,0]  - [9,4] 
183. - 0.113  - [1,0,0,0,0,0,0,0,0,0,0,0,1,0,0,0,0,0,0,0,1,0,0,0,1,0,0,0,1,0,0,0,0,0,0,0]  - [9,4] 
184. - 0.113  - [1,0,0,0,1,0,0,0,0,0,0,0,1,0,0,0,1,0,0,0,0,0,0,0,1,0,0,0,0,0,0,0,0,0,0,0]  - [9,4] 
185. - 0.113  - [1,0,0,0,0,0,0,0,1,0,0,0,1,0,0,0,0,0,0,0,0,0,0,0,1,0,0,0,0,0,0,0,1,0,0,0]  - [9,4] 
186. - 0.113  - [1,0,0,0,0,0,0,0,1,0,0,0,0,0,0,0,0,0,0,0,1,0,0,0,1,0,0,0,0,0,0,0,1,0,0,0]  - [9,4] 
187. - 0.114  - [1,0,0,0,0,0,0,0,1,0,0,0,1,0,0,0,0,0,0,0,0,0,0,0,1,0,0,0,1,0,0,0,0,0,0,0,0,0,0,0,0,0,0,0,0,0,0,0]  - [12,4] 
188. - 0.114  - [1,0,0,0,0,0,0,0,0,0,0,0,0,0,0,0,0,0,0,0,1,0,0,0,1,0,0,0,0,0,0,0,1,0,0,0,1,0,0,0,0,0,0,0,0,0,0,0]  - [12,4] 
189. - 0.114  - [1,0,0,0,0,0,0,0,0,0,1,0,1,0,0,0,0,0,0,0,1,0,0,0,0,0,0,0,0,0,0,0,1,0,0,0]  - [9,4] 
190. - 0.115  - [1,0,0,0,0,0,0,0,0,0,0,0,1,0,1,0,0,0,0,0,0,0,0,0,1,0,0,0,1,0,0,0,0,0,0,0]  - [9,4] 
191. - 0.115  - [0,0,1,0,0,0,0,0,1,0,0,0,1,0,0,0,0,0,0,0,0,0,0,0,1,0,0,0,0,0,0,0,1,0,0,0]  - [9,4] 
192. - 0.115  - [1,0,0,0,0,0,0,0,0,0,0,0,1,0,0,0,0,0,0,0,0,0,0,0,1,0,0,0,0,0,0,0,1,0,1,0]  - [9,4] 
193. - 0.116  - [1,0,0,0,0,0,0,0,0,0,1,0,1,0,0,0,0,0,0,0,1,0,0,0,1,0,0,0,0,0,0,0,0,0,0,0]  - [9,4] 
194. - 0.116  - [1,0,0,0,0,0,0,0,0,0,0,0,1,0,0,0,0,0,0,0,0,0,0,0,1,0,0,0,0,0,1,0,1,0,0,0]  - [9,4] 
195. - 0.116  - [1,0,0,0,0,0,0,0,1,0,0,0,0,0,0,0,0,0,0,0,1,0,1,0,1,0,0,0,0,0,0,0,0,0,0,0]  - [9,4] 
196. - 0.117  - [1,0,0,0,0,0,0,0,0,0,1,0,0,0,0,0,0,0,0,0,0,0,0,0,1,0,0,0,0,0,0,0,1,0,0,0,1,0,0,0,0,0,0,0,0,0,0,0]  - [12,4] 
197. - 0.118  - [0,0,0,0,0,0,0,0,0,0,0,0,1,0,0,0,0,0,1,0,0,0,1,0,1,0,0,0,0,0,0,0,1,0,0,0]  - [9,4] 
198. - 0.118  - [1,0,0,0,0,0,0,0,1,0,0,0,0,0,0,0,0,0,0,0,1,0,0,0,1,0,0,0,0,0,0,0,0,0,1,0,0,0,0,0,0,0,0,0,0,0,0,0]  - [12,4] 
199. - 0.121  - [1,0,0,0,0,0,0,0,1,0,0,0,1,0,0,0,1,0,0,0,0,0,0,0,1,0,0,0,0,0,0,0,0,0,0,0,0,0,0,0,0,0,0,0,0,0,0,0]  - [12,4] 
200. - 0.121  - [1,0,0,0,0,0,0,0,1,0,0,0,1,0,0,0,0,0,0,0,0,0,0,0,1,0,0,0,0,0,0,0,1,0,0,0,0,0,0,0,0,0,0,0,0,0,0,0]  - [12,4] 
201. - 0.126  - [1,0,0,0,0,0,0,0,1,0,0,0,0,0,0,0,0,0,0,0,0,0,0,0,1,0,0,0,0,0,0,0,0,0,0,0,1,0,0,0,0,0,0,0,1,0,0,0]  - [12,4] 
202. - 0.126  - [1,0,0,0,0,0,0,0,0,0,0,0,1,0,0,0,0,0,0,0,0,0,0,0,1,0,0,0,0,0,0,0,1,0,0,0,1,0,0,0,0,0,0,0,0,0,0,0]  - [12,4] 
203. - 0.126  - [1,0,0,0,1,0,0,0,0,0,0,0,1,0,0,0,0,0,0,0,0,0,0,0,1,0,0,0,0,0,0,0,1,0,0,0,0,0,0,0,0,0,0,0,0,0,0,0]  - [12,4] 
204. - 0.126  - [1,0,0,0,0,0,0,0,1,0,0,0,1,0,0,0,0,0,0,0,1,0,0,0,1,0,0,0,0,0,0,0,0,0,0,0,0,0,0,0,0,0,0,0,0,0,0,0]  - [12,4] 
205. - 0.126  - [1,0,0,0,0,0,0,0,0,0,0,0,1,0,0,0,0,0,0,0,1,0,0,0,1,0,0,0,0,0,0,0,0,0,0,0,1,0,0,0,0,0,0,0,0,0,0,0]  - [12,4] 
206. - 0.126  - [1,0,0,0,0,0,0,0,0,0,0,0,1,0,0,0,0,0,0,0,0,0,0,0,1,0,0,0,0,0,0,0,0,0,0,0,1,0,0,0,0,0,0,0,1,0,0,0]  - [12,4] 
207. - 0.126  - [1,0,0,0,0,0,0,0,0,0,0,0,1,0,0,0,0,0,0,0,0,0,0,0,1,0,0,0,1,0,0,0,0,0,0,0,1,0,0,0,0,0,0,0,0,0,0,0]  - [12,4] 
208. - 0.126  - [1,0,0,0,0,0,0,0,1,0,0,0,1,0,0,0,0,0,0,0,0,0,0,0,1,0,0,0,0,0,0,0,0,0,0,0,1,0,0,0,0,0,0,0,0,0,0,0]  - [12,4] 
209. - 0.126  - [1,0,0,0,0,0,0,0,0,0,0,0,0,0,0,0,0,0,0,0,0,0,0,0,1,0,0,0,1,0,0,0,0,0,0,0,1,0,0,0,0,0,0,0,1,0,0,0]  - [12,4] 
