--- OBJECTS SORTED BY DISTANCE TO USER PATTERN --- 
0. Distance: 0.094  - Pattern: [1,0,0,1,0,0,1,0,1,0,0,0,1,0,0,0]  - Meter: [4,4] 
1. Distance: 0.103  - Pattern: [1,0,1,0,0,0,0,0,1,0,0,1,1,0,0,0]  - Meter: [4,4] 
2. Distance: 0.105  - Pattern: [1,0,1,0,0,0,1,0,1,0,0,0,1,0,0,0]  - Meter: [2,2] 
3. Distance: 0.105  - Pattern: [1,1,0,1,1,0,1,0]  - Meter: [2,4] 
4. Distance: 0.105  - Pattern: [1,0,1,0,0,0,1,0,1,0,0,0,1,0,0,0]  - Meter: [4,4] 
5. Distance: 0.106  - Pattern: [1,0,1,1,0,0,0,0,1,0,0,0,1,0,0,0]  - Meter: [4,4] 
6. Distance: 0.107  - Pattern: [0,0,1,0,1,0,0,0,1,0,0,0,1,0,1,0]  - Meter: [2,2] 
7. Distance: 0.111  - Pattern: [1,1,1,0,1,0,0,1]  - Meter: [2,4] 
8. Distance: 0.112  - Pattern: [1,0,0,0,0,0,1,0,1,0,1,0,1,0,0,0]  - Meter: [2,2] 
9. Distance: 0.112  - Pattern: [1,0,0,1,1,1,1,0]  - Meter: [2,4] 
10. Distance: 0.112  - Pattern: [1,0,0,0,0,0,1,0,1,0,0,0,1,1,0,0]  - Meter: [4,4] 
11. Distance: 0.113  - Pattern: [1,0,1,0,0,0,0,0,1,0,0,0,1,0,1,0]  - Meter: [2,2] 
12. Distance: 0.113  - Pattern: [1,1,0,0,1,0,1,1]  - Meter: [2,4] 
13. Distance: 0.113  - Pattern: [1,0,1,0,0,0,0,0,1,0,0,0,1,0,1,0]  - Meter: [4,4] 
14. Distance: 0.115  - Pattern: [1,0,0,0,1,0,0,0,1,0,1,0,0,0,1,0]  - Meter: [2,2] 
15. Distance: 0.115  - Pattern: [1,0,0,0,1,0,1,0,0,0,1,0,0,0,1,0]  - Meter: [2,2] 
16. Distance: 0.120  - Pattern: [1,0,1,1,1,1,0,0]  - Meter: [2,4] 
17. Distance: 0.120  - Pattern: [0,0,1,1,1,1,0,1]  - Meter: [2,4] 
18. Distance: 0.135  - Pattern: [1,0,0,0,0,0,0,0,1,0,1,0,1,0,0,1]  - Meter: [2,2] 
19. Distance: 0.136  - Pattern: [1,0,0,0,0,0,1,0,0,0,0,0,1,0,0,0,0,0,0,0,0,1,1,0]  - Meter: [12,8] 
20. Distance: 0.142  - Pattern: [1,0,0,0,0,0,1,0,1,0,0,1,1,0,0,0]  - Meter: [2,2] 
21. Distance: 0.143  - Pattern: [1,0,0,0,1,0,1,0,0,0,0,0,1,0,1,0]  - Meter: [4,4] 
22. Distance: 0.148  - Pattern: [1,0,0,0,0,0,1,1,1,0,0,0,1,0,0,0]  - Meter: [2,2] 
23. Distance: 0.149  - Pattern: [1,1,0,1,1,0,0,1]  - Meter: [2,4] 
24. Distance: 0.149  - Pattern: [1,0,0,1,1,0,1,1]  - Meter: [2,4] 
25. Distance: 0.149  - Pattern: [1,1,0,0,1,1,1,0]  - Meter: [2,4] 
26. Distance: 0.150  - Pattern: [1,0,1,1,1,0,0,1]  - Meter: [2,4] 
27. Distance: 0.150  - Pattern: [1,0,0,0,1,0,1,0,1,0,0,0,0,0,1,0]  - Meter: [4,4] 
28. Distance: 0.153  - Pattern: [1,0,0,0,1,0,0,0,1,0,1,0,1,0,0,0]  - Meter: [2,2] 
29. Distance: 0.153  - Pattern: [1,0,1,0,1,0,0,0,1,0,0,0,1,0,0,0]  - Meter: [2,2] 
30. Distance: 0.153  - Pattern: [1,1,1,0,1,0,1,0]  - Meter: [2,4] 
31. Distance: 0.153  - Pattern: [1,0,1,0,1,1,1,0]  - Meter: [2,4] 
32. Distance: 0.153  - Pattern: [1,0,0,0,1,0,0,0,1,0,1,0,1,0,0,0]  - Meter: [4,4] 
33. Distance: 0.153  - Pattern: [1,0,1,0,1,0,0,0,1,0,0,0,1,0,0,0]  - Meter: [4,4] 
34. Distance: 0.157  - Pattern: [1,0,0,0,1,0,0,0,1,0,0,0,1,0,1,0]  - Meter: [2,2] 
35. Distance: 0.157  - Pattern: [1,0,1,0,1,0,1,1]  - Meter: [2,4] 
36. Distance: 0.157  - Pattern: [1,0,0,0,1,0,0,0,1,0,0,0,1,0,1,0]  - Meter: [4,4] 
37. Distance: 0.160  - Pattern: [1,0,0,0,1,0,1,0,1,0,0,0,1,0,0,0]  - Meter: [2,2] 
38. Distance: 0.160  - Pattern: [1,0,1,1,1,0,1,0]  - Meter: [2,4] 
39. Distance: 0.160  - Pattern: [1,0,0,0,1,0,1,0,1,0,0,0,1,0,0,0]  - Meter: [4,4] 
40. Distance: 0.161  - Pattern: [1,0,0,0,1,0,1,0,0,0,1,0,0,0,0,0,0,0,1,0,0,0,0,0]  - Meter: [12,8] 
41. Distance: 0.163  - Pattern: [1,0,0,0,0,0,0,0,1,0,1,0,1,0,1,0]  - Meter: [2,2] 
42. Distance: 0.163  - Pattern: [1,0,0,0,1,1,1,1]  - Meter: [2,4] 
43. Distance: 0.163  - Pattern: [1,0,0,0,0,0,0,0,1,0,1,0,1,0,1,0]  - Meter: [4,4] 
44. Distance: 0.164  - Pattern: [1,0,0,0,0,0,0,0,0,0,0,0,1,0,0,0,1,0,1,0,0,0,1,0]  - Meter: [12,8] 
45. Distance: 0.165  - Pattern: [1,0,0,0,0,0,0,0,1,0,0,0,0,0,0,0,0,0,0,0,0,0,0,0,1,0,0,0,0,0,0,0,0,0,0,0,1,0,0,0,0,0,0,0,1,0,0,0]  - Meter: [12,4] 
46. Distance: 0.166  - Pattern: [1,0,0,0,0,0,0,0,0,0,0,0,0,0,0,0,0,0,0,0,1,0,0,0,1,0,0,0,0,0,0,0,1,0,0,0,1,0,0,0,0,0,0,0,0,0,0,0]  - Meter: [12,4] 
47. Distance: 0.166  - Pattern: [1,0,0,0,0,0,0,0,0,0,1,0,1,0,0,0,1,0,1,0,0,0,0,0]  - Meter: [12,8] 
48. Distance: 0.167  - Pattern: [1,0,0,0,0,0,0,0,0,0,0,0,0,0,0,0,0,0,0,0,0,0,0,0,1,0,0,0,1,0,0,0,0,0,0,0,1,0,0,0,0,0,0,0,1,0,0,0]  - Meter: [12,4] 
49. Distance: 0.167  - Pattern: [1,0,0,0,1,0,0,0,1,0,0,0,1,0,0,1]  - Meter: [2,2] 
50. Distance: 0.168  - Pattern: [0,0,1,0,1,1,1,0,0,0,0,1]  - Meter: [6,8] 
51. Distance: 0.168  - Pattern: [1,0,0,0,0,0,0,0,1,0,0,0,1,0,0,0,0,0,0,0,1,0,0,0,1,0,0,0,0,0,0,0,0,0,0,0,0,0,0,0,0,0,0,0,0,0,0,0]  - Meter: [12,4] 
52. Distance: 0.170  - Pattern: [1,0,0,0,0,0,0,0,0,0,1,0,1,0,0,0,0,0,1,0,1,0,0,0]  - Meter: [12,8] 
53. Distance: 0.170  - Pattern: [1,0,0,0,0,0,0,0,1,0,0,0,1,0,0,0,0,0,0,0,0,0,0,0,1,0,0,0,1,0,0,0,0,0,0,0,0,0,0,0,0,0,0,0,0,0,0,0]  - Meter: [12,4] 
54. Distance: 0.171  - Pattern: [1,0,0,0,1,0,0,0,1,0,0,1,1,0,0,0]  - Meter: [4,4] 
55. Distance: 0.171  - Pattern: [1,0,0,0,0,0,1,0,0,0,1,0,1,0,0,0,1,0,0,0,0,0,0,0]  - Meter: [12,8] 
56. Distance: 0.171  - Pattern: [1,0,0,0,1,1,0,0,1,0,0,0,1,0,0,0]  - Meter: [4,4] 
57. Distance: 0.171  - Pattern: [1,0,0,0,0,1,0,0,1,0,1,1]  - Meter: [6,8] 
58. Distance: 0.174  - Pattern: [1,0,1,0,0,0,1,0,0,1,1,0]  - Meter: [6,8] 
59. Distance: 0.174  - Pattern: [1,1,0,0,1,0,0,0,1,0,1,0]  - Meter: [3,4] 
60. Distance: 0.175  - Pattern: [1,0,0,0,0,0,0,0,0,0,0,0,1,0,0,0,0,0,1,0,1,0,1,0]  - Meter: [6,4] 
61. Distance: 0.176  - Pattern: [1,0,0,0,1,0,0,1,1,0,1,0]  - Meter: [3,4] 
62. Distance: 0.176  - Pattern: [1,0,0,0,1,0,0,0,0,0,0,0,1,0,1,0,0,0,1,0,0,0,0,0]  - Meter: [12,8] 
63. Distance: 0.178  - Pattern: [1,0,0,0,0,0,1,0,0,0,0,0,1,0,0,0,0,0,1,0,1,0,0,0]  - Meter: [12,8] 
64. Distance: 0.179  - Pattern: [1,0,0,0,0,0,1,0,1,0,0,0,1,0,0,0,1,0,0,0,0,0,0,0]  - Meter: [6,4] 
65. Distance: 0.179  - Pattern: [1,0,0,0,0,0,1,0,1,0,0,0,1,0,0,0,0,0,1,0,0,0,0,0]  - Meter: [12,8] 
66. Distance: 0.179  - Pattern: [1,0,0,0,0,0,0,0,0,0,0,0,1,0,0,0,0,0,0,0,1,0,0,0,1,0,0,0,0,0,0,0,0,0,0,0,1,0,0,0,0,0,0,0,0,0,0,0]  - Meter: [12,4] 
67. Distance: 0.179  - Pattern: [1,0,0,0,0,0,1,0,0,0,1,0,1,0,0,0,0,0,1,0,0,0,0,0]  - Meter: [12,8] 
68. Distance: 0.179  - Pattern: [1,0,0,0,0,0,1,0,0,0,0,0,1,0,0,0,0,0,1,0,0,0,0,1]  - Meter: [12,8] 
69. Distance: 0.179  - Pattern: [1,0,0,0,0,0,0,0,0,0,0,0,1,0,0,0,0,0,0,0,0,0,0,0,1,0,0,0,0,0,0,0,1,0,0,0,1,0,0,0,0,0,0,0,0,0,0,0]  - Meter: [12,4] 
70. Distance: 0.179  - Pattern: [1,0,0,0,0,0,0,0,0,0,0,0,1,0,0,0,0,0,0,0,0,0,0,0,1,0,0,0,0,0,0,0,0,0,0,0,1,0,0,0,0,0,0,0,1,0,0,0]  - Meter: [12,4] 
71. Distance: 0.179  - Pattern: [1,0,0,0,0,0,1,0,0,0,0,0,1,0,0,0,0,0,1,0,0,0,1,0]  - Meter: [12,8] 
72. Distance: 0.180  - Pattern: [1,0,1,0,1,0,0,0,1,0,0,1]  - Meter: [3,4] 
73. Distance: 0.180  - Pattern: [1,0,0,0,0,0,0,0,0,0,1,0,0,0,0,0,0,0,0,0,0,0,0,0,1,0,0,0,0,0,0,0,1,0,0,0,1,0,0,0,0,0,0,0,0,0,0,0]  - Meter: [12,4] 
74. Distance: 0.180  - Pattern: [1,0,0,0,0,0,0,0,0,0,0,0,1,0,0,0,0,0,0,0,0,0,0,0,1,0,0,0,1,0,0,0,0,0,0,0,1,0,0,0,0,0,0,0,0,0,0,0]  - Meter: [12,4] 
75. Distance: 0.180  - Pattern: [1,0,0,0,0,0,1,0,0,0,0,0,1,0,1,0,0,0,1,0,0,0,0,0]  - Meter: [12,8] 
76. Distance: 0.180  - Pattern: [1,0,0,0,0,0,0,0,1,0,0,0,1,0,0,0,0,0,0,0,0,0,0,0,1,0,0,0,0,0,0,0,0,0,0,0,1,0,0,0,0,0,0,0,0,0,0,0]  - Meter: [12,4] 
77. Distance: 0.180  - Pattern: [1,0,0,0,1,0,1,0,0,0,0,0,1,0,0,0,0,0,1,0,0,0,0,0]  - Meter: [12,8] 
78. Distance: 0.180  - Pattern: [1,0,0,0,1,0,0,0,0,0,0,0,1,0,0,0,0,0,0,0,0,0,0,0,1,0,0,0,0,0,0,0,1,0,0,0,0,0,0,0,0,0,0,0,0,0,0,0]  - Meter: [12,4] 
79. Distance: 0.183  - Pattern: [0,0,0,0,0,0,0,0,0,0,0,0,1,0,0,0,0,0,1,0,0,0,1,0,1,0,0,0,0,0,0,0,1,0,0,0]  - Meter: [9,4] 
80. Distance: 0.184  - Pattern: [0,0,1,0,0,0,0,0,1,0,0,0,1,0,0,0,0,0,0,0,0,0,0,0,1,0,0,0,0,0,0,0,1,0,0,0]  - Meter: [9,4] 
81. Distance: 0.184  - Pattern: [1,0,0,0,0,0,0,0,1,0,0,0,1,0,0,0,0,0,1,0,1,0,0,0]  - Meter: [6,4] 
82. Distance: 0.184  - Pattern: [1,0,0,0,1,0,1,0,0,1,1,0]  - Meter: [6,8] 
83. Distance: 0.184  - Pattern: [1,0,0,0,0,0,0,0,0,0,0,0,1,0,1,0,1,0,1,0,0,0,0,0]  - Meter: [12,8] 
84. Distance: 0.184  - Pattern: [1,0,0,0,0,0,0,0,1,0,0,0,0,0,0,0,0,0,0,0,1,0,0,0,1,0,0,0,0,0,0,0,0,0,1,0,0,0,0,0,0,0,0,0,0,0,0,0]  - Meter: [12,4] 
85. Distance: 0.184  - Pattern: [1,0,0,0,1,0,0,0,0,0,0,0,1,0,0,0,1,0,0,0,0,0,1,0]  - Meter: [6,4] 
86. Distance: 0.185  - Pattern: [1,0,0,0,0,0,0,0,1,0,0,0,1,0,0,1,0,0,1,0]  - Meter: [5,4] 
87. Distance: 0.185  - Pattern: [1,1,1,0,1,0,0,0,0,0,1,0]  - Meter: [6,8] 
88. Distance: 0.186  - Pattern: [1,0,0,0,0,0,0,0,1,0,0,0,1,0,0,0,0,0,0,0,0,0,0,0,1,0,0,0,0,0,0,0,1,0,0,0,0,0,0,0,0,0,0,0,0,0,0,0]  - Meter: [12,4] 
89. Distance: 0.186  - Pattern: [1,0,1,1,0,0,1,0,1,0,0,0]  - Meter: [6,8] 
90. Distance: 0.186  - Pattern: [1,0,0,0,0,0,0,1,1,1,1,0]  - Meter: [3,4] 
91. Distance: 0.186  - Pattern: [1,0,0,0,0,0,0,0,1,0,1,0,1,0,0,0,1,0,0,0,0,0,0,0,0,0,0,0]  - Meter: [7,4] 
92. Distance: 0.187  - Pattern: [1,0,0,0,1,0,0,0,1,0,1,0,0,0,0,0,0,0,0,0,0,0,0,0,0,0,1,0]  - Meter: [7,4] 
93. Distance: 0.187  - Pattern: [1,0,0,0,1,0,1,1,0,0,1,0]  - Meter: [3,4] 
94. Distance: 0.187  - Pattern: [1,0,0,0,0,0,1,0,0,0,0,0,1,0,0,0,1,0,0,0,1,0,0,0]  - Meter: [6,4] 
95. Distance: 0.187  - Pattern: [1,0,0,0,0,0,0,0,0,0,1,0,1,0,0,0,0,0,0,0,1,0,0,0,0,0,0,0,0,0,0,0,1,0,0,0]  - Meter: [9,4] 
96. Distance: 0.188  - Pattern: [0,0,1,1,1,0,1,0,0,1]  - Meter: [5,8] 
97. Distance: 0.188  - Pattern: [1,0,0,0,0,0,0,0,0,0,0,0,1,0,0,0,0,0,0,0,0,0,0,0,1,0,0,0,0,0,0,0,1,0,1,0]  - Meter: [9,4] 
98. Distance: 0.189  - Pattern: [1,0,0,0,0,0,0,0,0,0,1,0,1,0,0,0,1,0,0,0,1,0,0,0]  - Meter: [6,4] 
99. Distance: 0.189  - Pattern: [1,0,0,0,0,0,1,0,0,0,1,1,1,0]  - Meter: [7,8] 
100. Distance: 0.189  - Pattern: [1,0,1,1,1,0,0,0,0,1]  - Meter: [5,8] 
101. Distance: 0.189  - Pattern: [1,0,0,0,0,0,0,0,1,0,0,0,0,0,1,0,1,0,1,0]  - Meter: [5,4] 
102. Distance: 0.189  - Pattern: [1,0,0,0,1,0,0,1,1,1]  - Meter: [5,8] 
103. Distance: 0.189  - Pattern: [1,0,0,0,0,0,0,0,0,0,0,0,1,0,0,0,1,0,0,0,1,0,1,0]  - Meter: [6,4] 
104. Distance: 0.189  - Pattern: [1,0,0,0,1,0,0,0,1,0,0,0,1,0,0,0,0,0,1,0,0,0,0,0]  - Meter: [6,4] 
105. Distance: 0.190  - Pattern: [1,0,1,0,1,0,0,0,0,0,0,0,1,1]  - Meter: [7,8] 
106. Distance: 0.190  - Pattern: [1,1,0,0,1,0,1,0,1,0,0,0]  - Meter: [3,4] 
107. Distance: 0.190  - Pattern: [1,0,0,0,1,0,0,0,1,0,1,0,0,0,0,0,0,0,0,0,0,0,0,0,1,0,0,0]  - Meter: [7,4] 
108. Distance: 0.190  - Pattern: [1,0,0,0,0,0,0,0,0,0,0,0,0,0,1,0,1,0,0,0,1,0,0,0,1,0,0,0]  - Meter: [7,4] 
109. Distance: 0.190  - Pattern: [1,0,0,0,1,0,1,0,0,0,0,0,0,0,0,0,1,0,1,0]  - Meter: [5,4] 
110. Distance: 0.191  - Pattern: [1,0,0,0,1,0,0,0,1,0,1,1,0,0]  - Meter: [7,8] 
111. Distance: 0.191  - Pattern: [1,0,0,0,1,0,0,0,0,0,0,0,1,0,0,0,0,0,0,0,1,0,1,0]  - Meter: [6,4] 
112. Distance: 0.191  - Pattern: [1,0,0,0,1,1,0,0,1,0,1,0]  - Meter: [3,4] 
113. Distance: 0.192  - Pattern: [1,0,0,0,1,0,0,0,0,0,0,0,0,0,0,0,0,0,0,0,1,0,0,0,0,0,0,0,1,0,0,0,1,0,0,0]  - Meter: [9,4] 
114. Distance: 0.192  - Pattern: [1,0,0,0,0,0,1,1,1,0,1,0]  - Meter: [6,8] 
115. Distance: 0.192  - Pattern: [0,0,1,0,1,0,1,0,0,0,0,1,1,0]  - Meter: [7,8] 
116. Distance: 0.192  - Pattern: [1,0,0,0,0,0,0,0,0,0,1,0,1,0,0,0,0,0,0,0,1,0,0,0,1,0,0,0,0,0,0,0,0,0,0,0]  - Meter: [9,4] 
117. Distance: 0.192  - Pattern: [1,0,0,0,0,0,0,0,0,0,0,0,1,0,1,0,0,0,0,0,0,0,0,0,1,0,0,0,1,0,0,0,0,0,0,0]  - Meter: [9,4] 
118. Distance: 0.193  - Pattern: [0,0,0,1,1,0,1,0,1,0,1,0]  - Meter: [3,4] 
119. Distance: 0.193  - Pattern: [1,0,0,0,0,0,0,0,1,0,0,0,0,0,0,0,0,0,0,0,1,0,1,0,1,0,0,0,0,0,0,0,0,0,0,0]  - Meter: [9,4] 
120. Distance: 0.193  - Pattern: [0,0,0,0,1,0,0,0,1,0,0,0,0,0,0,0,0,0,1,0,1,0,0,0,1,0,0,0]  - Meter: [7,4] 
121. Distance: 0.194  - Pattern: [0,0,1,0,0,0,1,0,1,0,0,0,1,1]  - Meter: [7,8] 
122. Distance: 0.194  - Pattern: [1,0,1,0,0,0,0,0,0,0,1,0,1,0,0,0,1,0]  - Meter: [9,8] 
123. Distance: 0.194  - Pattern: [1,0,1,1,1,0,0,0,0,0,0,0,1,0]  - Meter: [7,8] 
124. Distance: 0.194  - Pattern: [1,0,0,0,0,0,0,0,1,0,1,0,1,1]  - Meter: [7,8] 
125. Distance: 0.194  - Pattern: [1,0,0,0,1,0,1,0,1,0,0,1]  - Meter: [3,4] 
126. Distance: 0.195  - Pattern: [1,0,0,0,1,0,1,1,1,0,0,0]  - Meter: [3,4] 
127. Distance: 0.195  - Pattern: [1,0,0,0,1,0,0,0,0,0,0,0,1,0,1,0,1,0]  - Meter: [9,8] 
128. Distance: 0.195  - Pattern: [1,0,0,0,0,0,0,0,0,0,0,0,1,0,0,0,0,0,0,0,0,0,0,0,1,0,0,0,0,0,1,0,1,0,0,0]  - Meter: [9,4] 
129. Distance: 0.195  - Pattern: [1,0,0,0,1,1,0,0,1,0,0,1]  - Meter: [6,8] 
130. Distance: 0.195  - Pattern: [1,0,0,0,0,0,0,0,0,0,0,0,1,0,0,0,0,0,0,0,1,0,0,0,1,0,0,0,1,0,0,0,0,0,0,0]  - Meter: [9,4] 
131. Distance: 0.195  - Pattern: [1,0,0,0,0,0,1,0,0,0,1,0,1,0,1,0,0,0]  - Meter: [9,8] 
132. Distance: 0.195  - Pattern: [0,0,0,0,0,0,0,0,1,0,1,0,1,0,0,0,1,0,0,0,1,0,0,0,0,0,0,0]  - Meter: [7,4] 
133. Distance: 0.195  - Pattern: [0,0,0,0,1,0,1,0,1,0,0,0,1,0,0,0,1,0,0,0,0,0,0,0,0,0,0,0]  - Meter: [7,4] 
134. Distance: 0.195  - Pattern: [0,0,0,0,1,0,0,0,1,0,0,0,0,0,1,0,1,0,1,0]  - Meter: [5,4] 
135. Distance: 0.195  - Pattern: [1,0,0,0,1,0,0,0,1,0,1,0,1,0,0,0,0,0]  - Meter: [9,8] 
136. Distance: 0.196  - Pattern: [1,0,0,0,1,0,1,0,0,0,0,0,1,0,1,0,0,0]  - Meter: [9,8] 
137. Distance: 0.196  - Pattern: [0,0,0,0,1,0,0,0,1,0,1,0,1,0,0,0,1,0,0,0,0,0,0,0]  - Meter: [6,4] 
138. Distance: 0.196  - Pattern: [1,0,0,0,0,0,0,0,1,0,0,0,1,0,0,0,1,0,0,0,0,0,0,0,1,0,0,0,0,0,0,0,0,0,0,0,0,0,0,0,0,0,0,0,0,0,0,0]  - Meter: [12,4] 
139. Distance: 0.196  - Pattern: [1,0,1,1,1,0,1,0,0,0,0,0]  - Meter: [6,8] 
140. Distance: 0.197  - Pattern: [1,0,0,0,0,0,0,0,1,0,0,0,1,0,0,0,1,0,1,0]  - Meter: [5,4] 
141. Distance: 0.197  - Pattern: [1,0,0,0,1,0,1,0,1,1]  - Meter: [5,8] 
142. Distance: 0.197  - Pattern: [1,0,0,1,1,0,0,1,1,0,0,0]  - Meter: [3,4] 
143. Distance: 0.197  - Pattern: [1,0,0,0,0,0,0,0,1,0,1,0,0,0,0,0,1,0,0,0,0,0,0,0,1,0,0,0]  - Meter: [7,4] 
144. Distance: 0.197  - Pattern: [1,0,0,0,1,1,0,0,1,0,0,0,1,0]  - Meter: [7,8] 
145. Distance: 0.197  - Pattern: [1,0,0,0,1,0,1,0,0,0,0,0,1,0,0,0,1,0,0,0]  - Meter: [5,4] 
146. Distance: 0.197  - Pattern: [1,0,0,0,0,0,1,0,0,0,0,0,1,0,1,0,1,0]  - Meter: [9,8] 
147. Distance: 0.198  - Pattern: [0,0,0,1,0,0,1,0,1,0,1,0,1,0]  - Meter: [7,8] 
148. Distance: 0.198  - Pattern: [0,0,0,0,0,0,1,0,0,0,1,0,1,0,1,0,1,0]  - Meter: [9,8] 
149. Distance: 0.198  - Pattern: [1,0,1,0,0,0,1,0,0,0,1,0,1,0,0,0,0,0]  - Meter: [9,8] 
150. Distance: 0.198  - Pattern: [1,0,0,0,1,0,1,1,1,0,0,0,0,0]  - Meter: [7,8] 
151. Distance: 0.198  - Pattern: [1,0,0,0,1,0,1,0,1,0,0,0,0,0,0,0,1,0,0,0]  - Meter: [5,4] 
152. Distance: 0.199  - Pattern: [1,0,0,0,0,0,0,0,1,0,0,0,1,0,0,0,0,0,0,0,0,0,0,0,1,0,1,0]  - Meter: [7,4] 
153. Distance: 0.199  - Pattern: [1,0,0,0,0,0,1,0,1,0,0,0,1,0,0,0,1,0]  - Meter: [9,8] 
154. Distance: 0.199  - Pattern: [1,0,0,0,1,0,0,0,1,0,0,1,1,0]  - Meter: [7,8] 
155. Distance: 0.199  - Pattern: [1,0,1,0,1,0,1,1,0,0]  - Meter: [5,8] 
156. Distance: 0.199  - Pattern: [1,0,0,0,1,0,0,0,1,0,0,0,1,0,0,0,0,0,0,0,0,0,0,0,0,0,1,0]  - Meter: [7,4] 
157. Distance: 0.199  - Pattern: [1,0,0,0,0,0,1,0,1,0,0,0,1,0,0,0,1,0,0,0]  - Meter: [5,4] 
158. Distance: 0.199  - Pattern: [1,0,0,1,1,0,1,0,1,0]  - Meter: [5,8] 
159. Distance: 0.199  - Pattern: [1,0,0,0,1,0,0,0,0,0,0,0,1,0,1,0,1,0,0,0]  - Meter: [5,4] 
160. Distance: 0.199  - Pattern: [1,0,1,0,0,0,1,1,1,0]  - Meter: [5,8] 
161. Distance: 0.199  - Pattern: [1,0,0,0,1,0,0,0,1,0,0,0,0,0,0,0,1,0,1,0]  - Meter: [5,4] 
162. Distance: 0.200  - Pattern: [0,1,0,1,1,0,0,1,1,0]  - Meter: [5,8] 
163. Distance: 0.200  - Pattern: [1,0,0,0,0,0,1,0,1,0,1,0,1,0,0,0,0,0]  - Meter: [9,8] 
164. Distance: 0.201  - Pattern: [1,1,1,0,1,0,1,0,0,0]  - Meter: [5,8] 
165. Distance: 0.202  - Pattern: [1,0,0,0,1,0,0,0,1,0,0,0,1,0,0,0,0,0,1,0]  - Meter: [5,4] 
166. Distance: 0.202  - Pattern: [1,0,1,0,1,0,1,0,0,1]  - Meter: [5,8] 
167. Distance: 0.202  - Pattern: [1,0,0,0,0,0,0,0,1,0,0,0,1,0,0,0,0,0,0,0,0,0,0,0,1,0,0,0,0,0,0,0,1,0,0,0]  - Meter: [9,4] 
168. Distance: 0.202  - Pattern: [1,0,0,0,0,0,0,0,1,0,0,0,0,0,0,0,0,0,0,0,1,0,0,0,1,0,0,0,0,0,0,0,1,0,0,0]  - Meter: [9,4] 
169. Distance: 0.203  - Pattern: [0,0,1,0,1,0,0,0,0,0,1,0,0,0,1,0,1,0]  - Meter: [9,8] 
170. Distance: 0.204  - Pattern: [1,0,0,0,1,0,0,0,0,0,0,0,1,0,0,0,1,0,0,0,0,0,0,0,1,0,0,0,0,0,0,0,0,0,0,0]  - Meter: [9,4] 
171. Distance: 0.204  - Pattern: [1,0,0,0,1,0,1,0,0,0,1,0,1,0,0,0,0,0]  - Meter: [9,8] 
172. Distance: 0.205  - Pattern: [1,1,0,0,1,1,0,0,1,0]  - Meter: [5,8] 
173. Distance: 0.206  - Pattern: [1,0,0,0,0,0,1,0,0,0,1,0,1,0,0,0,1,0]  - Meter: [9,8] 
174. Distance: 0.206  - Pattern: [0,0,0,0,1,1,1,1,0,1]  - Meter: [5,8] 
175. Distance: 0.207  - Pattern: [1,0,0,0,0,0,0,0,1,0,0,0,1,0,0,0,1,0,0,0,0,0,0,0,1,0,0,0,0,0,0,0,0,0,0,0]  - Meter: [9,4] 
176. Distance: 0.208  - Pattern: [1,0,1,0,0,0,1,0,1,1]  - Meter: [5,8] 
177. Distance: 0.210  - Pattern: [1,0,0,0,0,0,0,0,0,0,0,0,1,0,0,0,1,0,0,0,1,0,0,0,1,0,0,0]  - Meter: [7,4] 
178. Distance: 0.210  - Pattern: [1,0,0,0,0,0,0,0,1,0,0,0,1,0,1,0,1,0,0,0]  - Meter: [5,4] 
179. Distance: 0.210  - Pattern: [1,0,0,0,1,0,1,0,1,0,0,0,1,0,0,0,0,0,0,0,0,0,0,0,0,0,0,0]  - Meter: [7,4] 
180. Distance: 0.211  - Pattern: [1,0,0,0,0,0,0,0,1,0,0,0,0,0,0,0,1,0,0,0,1,0,0,0,1,0,0,0]  - Meter: [7,4] 
181. Distance: 0.211  - Pattern: [1,0,0,0,1,0,0,0,1,0,1,0,1,0]  - Meter: [7,8] 
182. Distance: 0.211  - Pattern: [1,0,1,0,1,0,0,0,1,0,0,0,1,0]  - Meter: [7,8] 
183. Distance: 0.211  - Pattern: [1,0,0,0,1,0,0,0,0,0,0,0,1,0,0,0,1,0,0,0,0,0,0,0,1,0,0,0]  - Meter: [7,4] 
184. Distance: 0.212  - Pattern: [0,0,1,0,1,0,1,1,0,1]  - Meter: [5,8] 
185. Distance: 0.213  - Pattern: [1,0,0,0,1,0,0,0,1,0,0,0,0,0,1,0,0,0,1,0]  - Meter: [5,4] 
186. Distance: 0.214  - Pattern: [1,0,0,0,1,0,1,0,0,0,1,0,0,0,1,0,0,0]  - Meter: [9,8] 
187. Distance: 0.216  - Pattern: [1,0,0,0,1,1,1,0,0,0,1,0]  - Meter: [6,8] 
188. Distance: 0.216  - Pattern: [1,0,0,0,0,0,0,0,0,0,1,0,1,0,0,0,0,0,0,0,1,0,1,0]  - Meter: [6,4] 
189. Distance: 0.217  - Pattern: [1,0,0,0,0,0,1,0,1,0,1,0,0,0,0,0,1,0]  - Meter: [9,8] 
190. Distance: 0.218  - Pattern: [1,0,0,0,0,0,0,0,1,0,0,0,1,0,0,0,1,0,0,0,0,0,0,0,1,0,0,0]  - Meter: [7,4] 
191. Distance: 0.218  - Pattern: [1,0,0,0,1,0,1,0,1,0,0,0,1,0]  - Meter: [7,8] 
192. Distance: 0.219  - Pattern: [1,0,1,0,1,0,0,0,1,0,1,0]  - Meter: [3,4] 
193. Distance: 0.219  - Pattern: [1,0,1,0,0,0,1,0,1,0,1,0]  - Meter: [3,4] 
194. Distance: 0.219  - Pattern: [1,0,0,0,1,0,0,0,0,0,0,0,1,0,0,0,1,0,0,0,1,0,0,0]  - Meter: [6,4] 
195. Distance: 0.219  - Pattern: [1,0,0,0,1,0,0,0,1,0,0,0,0,0,0,0,1,0,0,0,1,0,0,0]  - Meter: [6,4] 
196. Distance: 0.219  - Pattern: [1,0,1,0,0,0,1,0,1,0,1,0]  - Meter: [6,8] 
197. Distance: 0.219  - Pattern: [1,0,1,0,1,0,0,0,1,0,1,0]  - Meter: [6,8] 
198. Distance: 0.219  - Pattern: [1,0,1,0,1,0,1,0,0,0,1,0]  - Meter: [3,4] 
199. Distance: 0.219  - Pattern: [1,0,0,0,1,0,1,0,1,0,1,0]  - Meter: [3,4] 
200. Distance: 0.219  - Pattern: [1,0,0,0,0,0,0,0,1,0,0,0,1,0,0,0,1,0,0,0,1,0,0,0]  - Meter: [6,4] 
201. Distance: 0.219  - Pattern: [1,0,0,0,1,0,0,0,1,0,0,0,1,0,0,0,0,0,0,0,1,0,0,0]  - Meter: [6,4] 
202. Distance: 0.219  - Pattern: [1,0,1,0,1,0,1,0,0,0,1,0]  - Meter: [6,8] 
203. Distance: 0.219  - Pattern: [1,0,0,0,1,0,1,0,1,0,1,0]  - Meter: [6,8] 
204. Distance: 0.221  - Pattern: [1,0,1,0,1,0,1,0,1,0,0,0,0,0]  - Meter: [7,8] 
205. Distance: 0.222  - Pattern: [0,0,0,0,1,0,0,0,0,0,1,0,1,0,0,0,1,0,1,0]  - Meter: [5,4] 
206. Distance: 0.225  - Pattern: [1,0,0,0,0,0,0,0,1,0,0,0,0,0,0,0,1,0,0,0,0,0,0,0,1,0,0,0,0,0,0,0,1,0,0,0]  - Meter: [9,4] 
207. Distance: 0.228  - Pattern: [0,0,1,0,1,0,1,0,1,0,1,0]  - Meter: [6,8] 
208. Distance: 0.257  - Pattern: [1,0,0,0,1,0,0,0,1,0,0,0,1,0,0,0,1,0,0,0]  - Meter: [5,4] 
209. Distance: 0.257  - Pattern: [1,0,1,0,1,0,1,0,1,0]  - Meter: [5,8] 
