Index - Distance - Pattern - Meter
0. - 0.094  - [1,0,0,1,0,0,1,0,1,0,0,0,1,0,0,0]  - [4,4] 
1. - 0.103  - [1,0,1,0,0,0,0,0,1,0,0,1,1,0,0,0]  - [4,4] 
2. - 0.105  - [1,0,1,0,0,0,1,0,1,0,0,0,1,0,0,0]  - [2,2] 
3. - 0.105  - [1,1,0,1,1,0,1,0]  - [2,4] 
4. - 0.105  - [1,0,1,0,0,0,1,0,1,0,0,0,1,0,0,0]  - [4,4] 
5. - 0.106  - [1,0,1,1,0,0,0,0,1,0,0,0,1,0,0,0]  - [4,4] 
6. - 0.107  - [0,0,1,0,1,0,0,0,1,0,0,0,1,0,1,0]  - [2,2] 
7. - 0.111  - [1,1,1,0,1,0,0,1]  - [2,4] 
8. - 0.112  - [1,0,0,0,0,0,1,0,1,0,1,0,1,0,0,0]  - [2,2] 
9. - 0.112  - [1,0,0,1,1,1,1,0]  - [2,4] 
10. - 0.112  - [1,0,0,0,0,0,1,0,1,0,0,0,1,1,0,0]  - [4,4] 
11. - 0.113  - [1,0,1,0,0,0,0,0,1,0,0,0,1,0,1,0]  - [2,2] 
12. - 0.113  - [1,1,0,0,1,0,1,1]  - [2,4] 
13. - 0.113  - [1,0,1,0,0,0,0,0,1,0,0,0,1,0,1,0]  - [4,4] 
14. - 0.115  - [1,0,0,0,1,0,0,0,1,0,1,0,0,0,1,0]  - [2,2] 
15. - 0.115  - [1,0,0,0,1,0,1,0,0,0,1,0,0,0,1,0]  - [2,2] 
16. - 0.120  - [1,0,1,1,1,1,0,0]  - [2,4] 
17. - 0.120  - [0,0,1,1,1,1,0,1]  - [2,4] 
18. - 0.135  - [1,0,0,0,0,0,0,0,1,0,1,0,1,0,0,1]  - [2,2] 
19. - 0.136  - [1,0,0,0,0,0,1,0,0,0,0,0,1,0,0,0,0,0,0,0,0,1,1,0]  - [12,8] 
20. - 0.142  - [1,0,0,0,0,0,1,0,1,0,0,1,1,0,0,0]  - [2,2] 
21. - 0.143  - [1,0,0,0,1,0,1,0,0,0,0,0,1,0,1,0]  - [4,4] 
22. - 0.148  - [1,0,0,0,0,0,1,1,1,0,0,0,1,0,0,0]  - [2,2] 
23. - 0.149  - [1,1,0,1,1,0,0,1]  - [2,4] 
24. - 0.149  - [1,0,0,1,1,0,1,1]  - [2,4] 
25. - 0.149  - [1,1,0,0,1,1,1,0]  - [2,4] 
26. - 0.150  - [1,0,1,1,1,0,0,1]  - [2,4] 
27. - 0.150  - [1,0,0,0,1,0,1,0,1,0,0,0,0,0,1,0]  - [4,4] 
28. - 0.153  - [1,0,0,0,1,0,0,0,1,0,1,0,1,0,0,0]  - [2,2] 
29. - 0.153  - [1,0,1,0,1,0,0,0,1,0,0,0,1,0,0,0]  - [2,2] 
30. - 0.153  - [1,1,1,0,1,0,1,0]  - [2,4] 
31. - 0.153  - [1,0,1,0,1,1,1,0]  - [2,4] 
32. - 0.153  - [1,0,0,0,1,0,0,0,1,0,1,0,1,0,0,0]  - [4,4] 
33. - 0.153  - [1,0,1,0,1,0,0,0,1,0,0,0,1,0,0,0]  - [4,4] 
34. - 0.157  - [1,0,0,0,1,0,0,0,1,0,0,0,1,0,1,0]  - [2,2] 
35. - 0.157  - [1,0,1,0,1,0,1,1]  - [2,4] 
36. - 0.157  - [1,0,0,0,1,0,0,0,1,0,0,0,1,0,1,0]  - [4,4] 
37. - 0.160  - [1,0,0,0,1,0,1,0,1,0,0,0,1,0,0,0]  - [2,2] 
38. - 0.160  - [1,0,1,1,1,0,1,0]  - [2,4] 
39. - 0.160  - [1,0,0,0,1,0,1,0,1,0,0,0,1,0,0,0]  - [4,4] 
40. - 0.161  - [1,0,0,0,1,0,1,0,0,0,1,0,0,0,0,0,0,0,1,0,0,0,0,0]  - [12,8] 
41. - 0.163  - [1,0,0,0,0,0,0,0,1,0,1,0,1,0,1,0]  - [2,2] 
42. - 0.163  - [1,0,0,0,1,1,1,1]  - [2,4] 
43. - 0.163  - [1,0,0,0,0,0,0,0,1,0,1,0,1,0,1,0]  - [4,4] 
44. - 0.164  - [1,0,0,0,0,0,0,0,0,0,0,0,1,0,0,0,1,0,1,0,0,0,1,0]  - [12,8] 
45. - 0.165  - [1,0,0,0,0,0,0,0,1,0,0,0,0,0,0,0,0,0,0,0,0,0,0,0,1,0,0,0,0,0,0,0,0,0,0,0,1,0,0,0,0,0,0,0,1,0,0,0]  - [12,4] 
46. - 0.166  - [1,0,0,0,0,0,0,0,0,0,0,0,0,0,0,0,0,0,0,0,1,0,0,0,1,0,0,0,0,0,0,0,1,0,0,0,1,0,0,0,0,0,0,0,0,0,0,0]  - [12,4] 
47. - 0.166  - [1,0,0,0,0,0,0,0,0,0,1,0,1,0,0,0,1,0,1,0,0,0,0,0]  - [12,8] 
48. - 0.167  - [1,0,0,0,0,0,0,0,0,0,0,0,0,0,0,0,0,0,0,0,0,0,0,0,1,0,0,0,1,0,0,0,0,0,0,0,1,0,0,0,0,0,0,0,1,0,0,0]  - [12,4] 
49. - 0.167  - [1,0,0,0,1,0,0,0,1,0,0,0,1,0,0,1]  - [2,2] 
50. - 0.168  - [0,0,1,0,1,1,1,0,0,0,0,1]  - [6,8] 
51. - 0.168  - [1,0,0,0,0,0,0,0,1,0,0,0,1,0,0,0,0,0,0,0,1,0,0,0,1,0,0,0,0,0,0,0,0,0,0,0,0,0,0,0,0,0,0,0,0,0,0,0]  - [12,4] 
52. - 0.170  - [1,0,0,0,0,0,0,0,0,0,1,0,1,0,0,0,0,0,1,0,1,0,0,0]  - [12,8] 
53. - 0.170  - [1,0,0,0,0,0,0,0,1,0,0,0,1,0,0,0,0,0,0,0,0,0,0,0,1,0,0,0,1,0,0,0,0,0,0,0,0,0,0,0,0,0,0,0,0,0,0,0]  - [12,4] 
54. - 0.171  - [1,0,0,0,1,0,0,0,1,0,0,1,1,0,0,0]  - [4,4] 
55. - 0.171  - [1,0,0,0,0,0,1,0,0,0,1,0,1,0,0,0,1,0,0,0,0,0,0,0]  - [12,8] 
56. - 0.171  - [1,0,0,0,1,1,0,0,1,0,0,0,1,0,0,0]  - [4,4] 
57. - 0.171  - [1,0,0,0,0,1,0,0,1,0,1,1]  - [6,8] 
58. - 0.174  - [1,0,1,0,0,0,1,0,0,1,1,0]  - [6,8] 
59. - 0.174  - [1,1,0,0,1,0,0,0,1,0,1,0]  - [3,4] 
60. - 0.175  - [1,0,0,0,0,0,0,0,0,0,0,0,1,0,0,0,0,0,1,0,1,0,1,0]  - [6,4] 
61. - 0.176  - [1,0,0,0,1,0,0,1,1,0,1,0]  - [3,4] 
62. - 0.176  - [1,0,0,0,1,0,0,0,0,0,0,0,1,0,1,0,0,0,1,0,0,0,0,0]  - [12,8] 
63. - 0.178  - [1,0,0,0,0,0,1,0,0,0,0,0,1,0,0,0,0,0,1,0,1,0,0,0]  - [12,8] 
64. - 0.179  - [1,0,0,0,0,0,1,0,1,0,0,0,1,0,0,0,1,0,0,0,0,0,0,0]  - [6,4] 
65. - 0.179  - [1,0,0,0,0,0,1,0,1,0,0,0,1,0,0,0,0,0,1,0,0,0,0,0]  - [12,8] 
66. - 0.179  - [1,0,0,0,0,0,0,0,0,0,0,0,1,0,0,0,0,0,0,0,1,0,0,0,1,0,0,0,0,0,0,0,0,0,0,0,1,0,0,0,0,0,0,0,0,0,0,0]  - [12,4] 
67. - 0.179  - [1,0,0,0,0,0,1,0,0,0,1,0,1,0,0,0,0,0,1,0,0,0,0,0]  - [12,8] 
68. - 0.179  - [1,0,0,0,0,0,1,0,0,0,0,0,1,0,0,0,0,0,1,0,0,0,0,1]  - [12,8] 
69. - 0.179  - [1,0,0,0,0,0,0,0,0,0,0,0,1,0,0,0,0,0,0,0,0,0,0,0,1,0,0,0,0,0,0,0,1,0,0,0,1,0,0,0,0,0,0,0,0,0,0,0]  - [12,4] 
70. - 0.179  - [1,0,0,0,0,0,0,0,0,0,0,0,1,0,0,0,0,0,0,0,0,0,0,0,1,0,0,0,0,0,0,0,0,0,0,0,1,0,0,0,0,0,0,0,1,0,0,0]  - [12,4] 
71. - 0.179  - [1,0,0,0,0,0,1,0,0,0,0,0,1,0,0,0,0,0,1,0,0,0,1,0]  - [12,8] 
72. - 0.180  - [1,0,1,0,1,0,0,0,1,0,0,1]  - [3,4] 
73. - 0.180  - [1,0,0,0,0,0,0,0,0,0,1,0,0,0,0,0,0,0,0,0,0,0,0,0,1,0,0,0,0,0,0,0,1,0,0,0,1,0,0,0,0,0,0,0,0,0,0,0]  - [12,4] 
74. - 0.180  - [1,0,0,0,0,0,0,0,0,0,0,0,1,0,0,0,0,0,0,0,0,0,0,0,1,0,0,0,1,0,0,0,0,0,0,0,1,0,0,0,0,0,0,0,0,0,0,0]  - [12,4] 
75. - 0.180  - [1,0,0,0,0,0,1,0,0,0,0,0,1,0,1,0,0,0,1,0,0,0,0,0]  - [12,8] 
76. - 0.180  - [1,0,0,0,0,0,0,0,1,0,0,0,1,0,0,0,0,0,0,0,0,0,0,0,1,0,0,0,0,0,0,0,0,0,0,0,1,0,0,0,0,0,0,0,0,0,0,0]  - [12,4] 
77. - 0.180  - [1,0,0,0,1,0,1,0,0,0,0,0,1,0,0,0,0,0,1,0,0,0,0,0]  - [12,8] 
78. - 0.180  - [1,0,0,0,1,0,0,0,0,0,0,0,1,0,0,0,0,0,0,0,0,0,0,0,1,0,0,0,0,0,0,0,1,0,0,0,0,0,0,0,0,0,0,0,0,0,0,0]  - [12,4] 
79. - 0.183  - [0,0,0,0,0,0,0,0,0,0,0,0,1,0,0,0,0,0,1,0,0,0,1,0,1,0,0,0,0,0,0,0,1,0,0,0]  - [9,4] 
80. - 0.184  - [0,0,1,0,0,0,0,0,1,0,0,0,1,0,0,0,0,0,0,0,0,0,0,0,1,0,0,0,0,0,0,0,1,0,0,0]  - [9,4] 
81. - 0.184  - [1,0,0,0,0,0,0,0,1,0,0,0,1,0,0,0,0,0,1,0,1,0,0,0]  - [6,4] 
82. - 0.184  - [1,0,0,0,1,0,1,0,0,1,1,0]  - [6,8] 
83. - 0.184  - [1,0,0,0,0,0,0,0,0,0,0,0,1,0,1,0,1,0,1,0,0,0,0,0]  - [12,8] 
84. - 0.184  - [1,0,0,0,0,0,0,0,1,0,0,0,0,0,0,0,0,0,0,0,1,0,0,0,1,0,0,0,0,0,0,0,0,0,1,0,0,0,0,0,0,0,0,0,0,0,0,0]  - [12,4] 
85. - 0.184  - [1,0,0,0,1,0,0,0,0,0,0,0,1,0,0,0,1,0,0,0,0,0,1,0]  - [6,4] 
86. - 0.185  - [1,0,0,0,0,0,0,0,1,0,0,0,1,0,0,1,0,0,1,0]  - [5,4] 
87. - 0.185  - [1,1,1,0,1,0,0,0,0,0,1,0]  - [6,8] 
88. - 0.186  - [1,0,0,0,0,0,0,0,1,0,0,0,1,0,0,0,0,0,0,0,0,0,0,0,1,0,0,0,0,0,0,0,1,0,0,0,0,0,0,0,0,0,0,0,0,0,0,0]  - [12,4] 
89. - 0.186  - [1,0,1,1,0,0,1,0,1,0,0,0]  - [6,8] 
90. - 0.186  - [1,0,0,0,0,0,0,1,1,1,1,0]  - [3,4] 
91. - 0.186  - [1,0,0,0,0,0,0,0,1,0,1,0,1,0,0,0,1,0,0,0,0,0,0,0,0,0,0,0]  - [7,4] 
92. - 0.187  - [1,0,0,0,1,0,0,0,1,0,1,0,0,0,0,0,0,0,0,0,0,0,0,0,0,0,1,0]  - [7,4] 
93. - 0.187  - [1,0,0,0,1,0,1,1,0,0,1,0]  - [3,4] 
94. - 0.187  - [1,0,0,0,0,0,1,0,0,0,0,0,1,0,0,0,1,0,0,0,1,0,0,0]  - [6,4] 
95. - 0.187  - [1,0,0,0,0,0,0,0,0,0,1,0,1,0,0,0,0,0,0,0,1,0,0,0,0,0,0,0,0,0,0,0,1,0,0,0]  - [9,4] 
96. - 0.188  - [0,0,1,1,1,0,1,0,0,1]  - [5,8] 
97. - 0.188  - [1,0,0,0,0,0,0,0,0,0,0,0,1,0,0,0,0,0,0,0,0,0,0,0,1,0,0,0,0,0,0,0,1,0,1,0]  - [9,4] 
98. - 0.189  - [1,0,0,0,0,0,0,0,0,0,1,0,1,0,0,0,1,0,0,0,1,0,0,0]  - [6,4] 
99. - 0.189  - [1,0,0,0,0,0,1,0,0,0,1,1,1,0]  - [7,8] 
100. - 0.189  - [1,0,1,1,1,0,0,0,0,1]  - [5,8] 
101. - 0.189  - [1,0,0,0,0,0,0,0,1,0,0,0,0,0,1,0,1,0,1,0]  - [5,4] 
102. - 0.189  - [1,0,0,0,1,0,0,1,1,1]  - [5,8] 
103. - 0.189  - [1,0,0,0,0,0,0,0,0,0,0,0,1,0,0,0,1,0,0,0,1,0,1,0]  - [6,4] 
104. - 0.189  - [1,0,0,0,1,0,0,0,1,0,0,0,1,0,0,0,0,0,1,0,0,0,0,0]  - [6,4] 
105. - 0.190  - [1,0,1,0,1,0,0,0,0,0,0,0,1,1]  - [7,8] 
106. - 0.190  - [1,1,0,0,1,0,1,0,1,0,0,0]  - [3,4] 
107. - 0.190  - [1,0,0,0,1,0,0,0,1,0,1,0,0,0,0,0,0,0,0,0,0,0,0,0,1,0,0,0]  - [7,4] 
108. - 0.190  - [1,0,0,0,0,0,0,0,0,0,0,0,0,0,1,0,1,0,0,0,1,0,0,0,1,0,0,0]  - [7,4] 
109. - 0.190  - [1,0,0,0,1,0,1,0,0,0,0,0,0,0,0,0,1,0,1,0]  - [5,4] 
110. - 0.191  - [1,0,0,0,1,0,0,0,1,0,1,1,0,0]  - [7,8] 
111. - 0.191  - [1,0,0,0,1,0,0,0,0,0,0,0,1,0,0,0,0,0,0,0,1,0,1,0]  - [6,4] 
112. - 0.191  - [1,0,0,0,1,1,0,0,1,0,1,0]  - [3,4] 
113. - 0.192  - [1,0,0,0,1,0,0,0,0,0,0,0,0,0,0,0,0,0,0,0,1,0,0,0,0,0,0,0,1,0,0,0,1,0,0,0]  - [9,4] 
114. - 0.192  - [1,0,0,0,0,0,1,1,1,0,1,0]  - [6,8] 
115. - 0.192  - [0,0,1,0,1,0,1,0,0,0,0,1,1,0]  - [7,8] 
116. - 0.192  - [1,0,0,0,0,0,0,0,0,0,1,0,1,0,0,0,0,0,0,0,1,0,0,0,1,0,0,0,0,0,0,0,0,0,0,0]  - [9,4] 
117. - 0.192  - [1,0,0,0,0,0,0,0,0,0,0,0,1,0,1,0,0,0,0,0,0,0,0,0,1,0,0,0,1,0,0,0,0,0,0,0]  - [9,4] 
118. - 0.193  - [0,0,0,1,1,0,1,0,1,0,1,0]  - [3,4] 
119. - 0.193  - [1,0,0,0,0,0,0,0,1,0,0,0,0,0,0,0,0,0,0,0,1,0,1,0,1,0,0,0,0,0,0,0,0,0,0,0]  - [9,4] 
120. - 0.193  - [0,0,0,0,1,0,0,0,1,0,0,0,0,0,0,0,0,0,1,0,1,0,0,0,1,0,0,0]  - [7,4] 
121. - 0.194  - [0,0,1,0,0,0,1,0,1,0,0,0,1,1]  - [7,8] 
122. - 0.194  - [1,0,1,0,0,0,0,0,0,0,1,0,1,0,0,0,1,0]  - [9,8] 
123. - 0.194  - [1,0,1,1,1,0,0,0,0,0,0,0,1,0]  - [7,8] 
124. - 0.194  - [1,0,0,0,0,0,0,0,1,0,1,0,1,1]  - [7,8] 
125. - 0.194  - [1,0,0,0,1,0,1,0,1,0,0,1]  - [3,4] 
126. - 0.195  - [1,0,0,0,1,0,1,1,1,0,0,0]  - [3,4] 
127. - 0.195  - [1,0,0,0,1,0,0,0,0,0,0,0,1,0,1,0,1,0]  - [9,8] 
128. - 0.195  - [1,0,0,0,0,0,0,0,0,0,0,0,1,0,0,0,0,0,0,0,0,0,0,0,1,0,0,0,0,0,1,0,1,0,0,0]  - [9,4] 
129. - 0.195  - [1,0,0,0,1,1,0,0,1,0,0,1]  - [6,8] 
130. - 0.195  - [1,0,0,0,0,0,0,0,0,0,0,0,1,0,0,0,0,0,0,0,1,0,0,0,1,0,0,0,1,0,0,0,0,0,0,0]  - [9,4] 
131. - 0.195  - [1,0,0,0,0,0,1,0,0,0,1,0,1,0,1,0,0,0]  - [9,8] 
132. - 0.195  - [0,0,0,0,0,0,0,0,1,0,1,0,1,0,0,0,1,0,0,0,1,0,0,0,0,0,0,0]  - [7,4] 
133. - 0.195  - [0,0,0,0,1,0,1,0,1,0,0,0,1,0,0,0,1,0,0,0,0,0,0,0,0,0,0,0]  - [7,4] 
134. - 0.195  - [0,0,0,0,1,0,0,0,1,0,0,0,0,0,1,0,1,0,1,0]  - [5,4] 
135. - 0.195  - [1,0,0,0,1,0,0,0,1,0,1,0,1,0,0,0,0,0]  - [9,8] 
136. - 0.196  - [1,0,0,0,1,0,1,0,0,0,0,0,1,0,1,0,0,0]  - [9,8] 
137. - 0.196  - [0,0,0,0,1,0,0,0,1,0,1,0,1,0,0,0,1,0,0,0,0,0,0,0]  - [6,4] 
138. - 0.196  - [1,0,0,0,0,0,0,0,1,0,0,0,1,0,0,0,1,0,0,0,0,0,0,0,1,0,0,0,0,0,0,0,0,0,0,0,0,0,0,0,0,0,0,0,0,0,0,0]  - [12,4] 
139. - 0.196  - [1,0,1,1,1,0,1,0,0,0,0,0]  - [6,8] 
140. - 0.197  - [1,0,0,0,0,0,0,0,1,0,0,0,1,0,0,0,1,0,1,0]  - [5,4] 
141. - 0.197  - [1,0,0,0,1,0,1,0,1,1]  - [5,8] 
142. - 0.197  - [1,0,0,1,1,0,0,1,1,0,0,0]  - [3,4] 
143. - 0.197  - [1,0,0,0,0,0,0,0,1,0,1,0,0,0,0,0,1,0,0,0,0,0,0,0,1,0,0,0]  - [7,4] 
144. - 0.197  - [1,0,0,0,1,1,0,0,1,0,0,0,1,0]  - [7,8] 
145. - 0.197  - [1,0,0,0,1,0,1,0,0,0,0,0,1,0,0,0,1,0,0,0]  - [5,4] 
146. - 0.197  - [1,0,0,0,0,0,1,0,0,0,0,0,1,0,1,0,1,0]  - [9,8] 
147. - 0.198  - [0,0,0,1,0,0,1,0,1,0,1,0,1,0]  - [7,8] 
148. - 0.198  - [0,0,0,0,0,0,1,0,0,0,1,0,1,0,1,0,1,0]  - [9,8] 
149. - 0.198  - [1,0,1,0,0,0,1,0,0,0,1,0,1,0,0,0,0,0]  - [9,8] 
150. - 0.198  - [1,0,0,0,1,0,1,1,1,0,0,0,0,0]  - [7,8] 
151. - 0.198  - [1,0,0,0,1,0,1,0,1,0,0,0,0,0,0,0,1,0,0,0]  - [5,4] 
152. - 0.199  - [1,0,0,0,0,0,0,0,1,0,0,0,1,0,0,0,0,0,0,0,0,0,0,0,1,0,1,0]  - [7,4] 
153. - 0.199  - [1,0,0,0,0,0,1,0,1,0,0,0,1,0,0,0,1,0]  - [9,8] 
154. - 0.199  - [1,0,0,0,1,0,0,0,1,0,0,1,1,0]  - [7,8] 
155. - 0.199  - [1,0,1,0,1,0,1,1,0,0]  - [5,8] 
156. - 0.199  - [1,0,0,0,1,0,0,0,1,0,0,0,1,0,0,0,0,0,0,0,0,0,0,0,0,0,1,0]  - [7,4] 
157. - 0.199  - [1,0,0,0,0,0,1,0,1,0,0,0,1,0,0,0,1,0,0,0]  - [5,4] 
158. - 0.199  - [1,0,0,1,1,0,1,0,1,0]  - [5,8] 
159. - 0.199  - [1,0,0,0,1,0,0,0,0,0,0,0,1,0,1,0,1,0,0,0]  - [5,4] 
160. - 0.199  - [1,0,1,0,0,0,1,1,1,0]  - [5,8] 
161. - 0.199  - [1,0,0,0,1,0,0,0,1,0,0,0,0,0,0,0,1,0,1,0]  - [5,4] 
162. - 0.200  - [0,1,0,1,1,0,0,1,1,0]  - [5,8] 
163. - 0.200  - [1,0,0,0,0,0,1,0,1,0,1,0,1,0,0,0,0,0]  - [9,8] 
164. - 0.201  - [1,1,1,0,1,0,1,0,0,0]  - [5,8] 
165. - 0.202  - [1,0,0,0,1,0,0,0,1,0,0,0,1,0,0,0,0,0,1,0]  - [5,4] 
166. - 0.202  - [1,0,1,0,1,0,1,0,0,1]  - [5,8] 
167. - 0.202  - [1,0,0,0,0,0,0,0,1,0,0,0,1,0,0,0,0,0,0,0,0,0,0,0,1,0,0,0,0,0,0,0,1,0,0,0]  - [9,4] 
168. - 0.202  - [1,0,0,0,0,0,0,0,1,0,0,0,0,0,0,0,0,0,0,0,1,0,0,0,1,0,0,0,0,0,0,0,1,0,0,0]  - [9,4] 
169. - 0.203  - [0,0,1,0,1,0,0,0,0,0,1,0,0,0,1,0,1,0]  - [9,8] 
170. - 0.204  - [1,0,0,0,1,0,0,0,0,0,0,0,1,0,0,0,1,0,0,0,0,0,0,0,1,0,0,0,0,0,0,0,0,0,0,0]  - [9,4] 
171. - 0.204  - [1,0,0,0,1,0,1,0,0,0,1,0,1,0,0,0,0,0]  - [9,8] 
172. - 0.205  - [1,1,0,0,1,1,0,0,1,0]  - [5,8] 
173. - 0.206  - [1,0,0,0,0,0,1,0,0,0,1,0,1,0,0,0,1,0]  - [9,8] 
174. - 0.206  - [0,0,0,0,1,1,1,1,0,1]  - [5,8] 
175. - 0.207  - [1,0,0,0,0,0,0,0,1,0,0,0,1,0,0,0,1,0,0,0,0,0,0,0,1,0,0,0,0,0,0,0,0,0,0,0]  - [9,4] 
176. - 0.208  - [1,0,1,0,0,0,1,0,1,1]  - [5,8] 
177. - 0.210  - [1,0,0,0,0,0,0,0,0,0,0,0,1,0,0,0,1,0,0,0,1,0,0,0,1,0,0,0]  - [7,4] 
178. - 0.210  - [1,0,0,0,0,0,0,0,1,0,0,0,1,0,1,0,1,0,0,0]  - [5,4] 
179. - 0.210  - [1,0,0,0,1,0,1,0,1,0,0,0,1,0,0,0,0,0,0,0,0,0,0,0,0,0,0,0]  - [7,4] 
180. - 0.211  - [1,0,0,0,0,0,0,0,1,0,0,0,0,0,0,0,1,0,0,0,1,0,0,0,1,0,0,0]  - [7,4] 
181. - 0.211  - [1,0,0,0,1,0,0,0,1,0,1,0,1,0]  - [7,8] 
182. - 0.211  - [1,0,1,0,1,0,0,0,1,0,0,0,1,0]  - [7,8] 
183. - 0.211  - [1,0,0,0,1,0,0,0,0,0,0,0,1,0,0,0,1,0,0,0,0,0,0,0,1,0,0,0]  - [7,4] 
184. - 0.212  - [0,0,1,0,1,0,1,1,0,1]  - [5,8] 
185. - 0.213  - [1,0,0,0,1,0,0,0,1,0,0,0,0,0,1,0,0,0,1,0]  - [5,4] 
186. - 0.214  - [1,0,0,0,1,0,1,0,0,0,1,0,0,0,1,0,0,0]  - [9,8] 
187. - 0.216  - [1,0,0,0,1,1,1,0,0,0,1,0]  - [6,8] 
188. - 0.216  - [1,0,0,0,0,0,0,0,0,0,1,0,1,0,0,0,0,0,0,0,1,0,1,0]  - [6,4] 
189. - 0.217  - [1,0,0,0,0,0,1,0,1,0,1,0,0,0,0,0,1,0]  - [9,8] 
190. - 0.218  - [1,0,0,0,0,0,0,0,1,0,0,0,1,0,0,0,1,0,0,0,0,0,0,0,1,0,0,0]  - [7,4] 
191. - 0.218  - [1,0,0,0,1,0,1,0,1,0,0,0,1,0]  - [7,8] 
192. - 0.219  - [1,0,1,0,1,0,0,0,1,0,1,0]  - [3,4] 
193. - 0.219  - [1,0,1,0,0,0,1,0,1,0,1,0]  - [3,4] 
194. - 0.219  - [1,0,0,0,1,0,0,0,0,0,0,0,1,0,0,0,1,0,0,0,1,0,0,0]  - [6,4] 
195. - 0.219  - [1,0,0,0,1,0,0,0,1,0,0,0,0,0,0,0,1,0,0,0,1,0,0,0]  - [6,4] 
196. - 0.219  - [1,0,1,0,0,0,1,0,1,0,1,0]  - [6,8] 
197. - 0.219  - [1,0,1,0,1,0,0,0,1,0,1,0]  - [6,8] 
198. - 0.219  - [1,0,1,0,1,0,1,0,0,0,1,0]  - [3,4] 
199. - 0.219  - [1,0,0,0,1,0,1,0,1,0,1,0]  - [3,4] 
200. - 0.219  - [1,0,0,0,0,0,0,0,1,0,0,0,1,0,0,0,1,0,0,0,1,0,0,0]  - [6,4] 
201. - 0.219  - [1,0,0,0,1,0,0,0,1,0,0,0,1,0,0,0,0,0,0,0,1,0,0,0]  - [6,4] 
202. - 0.219  - [1,0,1,0,1,0,1,0,0,0,1,0]  - [6,8] 
203. - 0.219  - [1,0,0,0,1,0,1,0,1,0,1,0]  - [6,8] 
204. - 0.221  - [1,0,1,0,1,0,1,0,1,0,0,0,0,0]  - [7,8] 
205. - 0.222  - [0,0,0,0,1,0,0,0,0,0,1,0,1,0,0,0,1,0,1,0]  - [5,4] 
206. - 0.225  - [1,0,0,0,0,0,0,0,1,0,0,0,0,0,0,0,1,0,0,0,0,0,0,0,1,0,0,0,0,0,0,0,1,0,0,0]  - [9,4] 
207. - 0.228  - [0,0,1,0,1,0,1,0,1,0,1,0]  - [6,8] 
208. - 0.257  - [1,0,0,0,1,0,0,0,1,0,0,0,1,0,0,0,1,0,0,0]  - [5,4] 
209. - 0.257  - [1,0,1,0,1,0,1,0,1,0]  - [5,8] 
